0 405340 2109 2479 1746
10 2620691 26149 25402 17258
20 4725488 48994 45824 32476
30 8120704 80346 68291 50503
40 21782367 135188 109535 76128
50 12480841 138386 119733 83726
60 13900952 167204 141571 99177
70 16411032 196232 169528 114243
80 17899260 218216 198529 129021
90 20024737 241363 221534 146627
100 21920137 263323 243741 162348
110 24510388 285456 269153 178709
120 26981511 308270 301652 194798
130 29667531 333256 321542 206527
140 31892110 353600 340828 223812
150 34266749 379437 367890 240609
160 36217229 396372 393169 254996
170 38878930 417227 416563 269188
180 40052473 437598 442678 283014
190 42509199 462630 457779 297611
