1 1370 1278 1314
2 1283 1261 1286
3 1292 1364 1303
4 1309 1286 1299
5 1306 1282 1270
6 1278 1269 1260
7 1272 1254 1267
8 1274 1267 1261
9 1253 1235 1271
10 1236 1227 1222
11 1239 1255 1244
12 1259 1240 1261
13 1268 1231 1249
14 1236 1235 1264
15 1241 1226 1251
16 1248 1242 1250
17 1248 1232 1236
18 1233 1237 1221
19 1222 1230 1236
20 1226 1246 1238
21 1234 1213 1232
22 1225 1217 1223
23 1226 1215 1265
24 1243 1226 1219
25 1222 1210 1247
26 1226 1225 1226
27 1241 1232 1228
28 1218 1256 1207
29 1224 1203 1215
30 1227 1212 1226
31 1238 1227 1246
32 1217 1236 1217
33 1237 1228 1229
34 1232 1230 1232
35 1227 1214 1225
36 1218 1221 1223
37 1227 1236 1229
38 1253 1236 1262
39 1239 1219 1223
40 1229 1233 1218
41 1229 1218 1238
42 1235 1225 1235
43 1219 1243 1253
44 1236 1228 1249
45 1255 1223 1251
46 1235 1231 1208
47 1240 1244 1236
48 1235 1232 1249
49 1233 1221 1233
50 1227 1221 1261
51 1241 1240 1244
52 1221 1218 1217
53 1223 1217 1223
54 1256 1225 1247
55 1233 1237 1227
56 1214 1214 1218
57 1239 1249 1241
58 1241 1240 1234
59 1238 1243 1255
60 1240 1219 1243
61 1262 1234 1240
62 1232 1247 1262
63 1223 1232 1229
64 1224 1229 1229
65 1249 1237 1246
66 1234 1222 1247
67 1234 1218 1230
68 1236 1239 1231
69 1244 1221 1227
70 1237 1233 1243
71 1231 1217 1233
72 1229 1221 1225
73 1227 1222 1236
74 1239 1240 1231
75 1230 1244 1234
76 1249 1218 1243
77 1241 1269 1229
78 1228 1234 1234
79 1219 1224 1219
80 1249 1245 1230
81 1237 1239 1243
82 1228 1225 1224
83 1233 1229 1234
84 1238 1242 1229
85 1237 1271 1244
86 1260 1210 1240
87 1225 1242 1232
88 1231 1250 1226
89 1241 1226 1245
90 1258 1230 1238
91 1225 1221 1245
92 1228 1229 1226
93 1225 1219 1231
94 1239 1231 1227
95 1222 1203 1232
96 1233 1238 1234
97 1225 1223 1240
98 1242 1217 1222
99 1241 1212 1235
100 1226 1229 1255
101 1224 1228 1251
102 1252 1260 1244
103 1225 1221 1225
104 1251 1243 1240
105 1229 1221 1233
106 1243 1240 1255
107 1224 1230 1231
108 1232 1232 1224
109 1216 1221 1228
110 1239 1239 1232
111 1238 1219 1236
112 1224 1235 1226
113 1229 1222 1243
114 1248 1225 1219
115 1247 1234 1228
116 1227 1215 1214
117 1234 1230 1227
118 1255 1215 1247
119 1235 1234 1257
120 1241 1220 1226
121 1226 1208 1221
122 1218 1223 1234
123 1253 1231 1233
124 1238 1228 1226
125 1229 1198 1216
126 1221 1220 1229
127 1228 1217 1238
128 1229 1224 1233
129 1227 1199 1228
130 1223 1216 1222
131 1217 1220 1230
132 1234 1223 1226
133 1224 1221 1225
134 1229 1220 1229
135 1224 1226 1219
136 1230 1237 1243
137 1243 1231 1245
138 1232 1209 1229
139 1223 1220 1255
140 1227 1228 1229
141 1225 1233 1245
142 1236 1209 1240
143 1232 1211 1213
144 1214 1230 1243
145 1257 1236 1231
146 1223 1213 1218
147 1220 1202 1236
148 1236 1226 1246
149 1216 1244 1229
150 1221 1229 1221
151 1226 1214 1234
152 1243 1218 1229
153 1250 1234 1231
154 1229 1235 1241
155 1227 1223 1219
156 1235 1237 1232
157 1229 1232 1235
158 1234 1236 1227
159 1206 1216 1239
160 1220 1226 1232
161 1253 1225 1227
162 1233 1221 1228
163 1218 1223 1230
164 1219 1229 1231
165 1243 1232 1238
166 1252 1237 1226
167 1219 1214 1234
168 1258 1223 1228
169 1219 1219 1218
170 1234 1235 1268
171 1228 1231 1246
172 1244 1252 1229
173 1233 1263 1223
174 1232 1262 1237
175 1231 1229 1226
176 1233 1225 1240
177 1235 1240 1235
178 1239 1225 1240
179 1235 1243 1232
180 1230 1230 1241
181 1229 1224 1228
182 1231 1214 1249
183 1240 1224 1234
184 1235 1224 1226
185 1226 1224 1248
186 1240 1233 1233
187 1225 1231 1249
188 1228 1210 1225
189 1228 1256 1224
190 1244 1223 1221
191 1230 1225 1238
192 1239 1237 1241
193 1247 1236 1240
194 1221 1243 1221
195 1231 1228 1227
196 1231 1231 1240
197 1223 1219 1270
198 1235 1221 1233
199 1238 1240 1248
200 1230 1236 1233
201 1229 1232 1233
202 1237 1223 1235
203 1227 1246 1229
204 1233 1214 1224
205 1230 1225 1218
206 1254 1227 1245
207 1236 1230 1253
208 1237 1221 1224
209 1230 1230 1227
210 1222 1240 1241
211 1236 1220 1244
212 1227 1223 1240
213 1233 1213 1231
214 1224 1233 1239
215 1232 1240 1252
216 1245 1223 1226
217 1226 1228 1235
218 1225 1226 1230
219 1237 1231 1240
220 1241 1227 1233
221 1218 1228 1230
222 1228 1211 1224
223 1229 1223 1211
224 1234 1227 1282
225 1235 1222 1240
226 1236 1236 1229
227 1245 1242 1238
228 1263 1244 1243
229 1226 1229 1242
230 1225 1221 1225
231 1245 1237 1232
232 1241 1231 1229
233 1232 1224 1234
234 1233 1238 1232
235 1231 1241 1238
236 1230 1230 1229
237 1217 1215 1233
238 1247 1233 1242
239 1246 1228 1227
240 1219 1236 1239
241 1238 1230 1251
242 1247 1232 1233
243 1241 1220 1219
244 1237 1237 1242
245 1226 1230 1234
246 1219 1220 1244
247 1240 1223 1258
248 1239 1214 1242
249 1243 1217 1238
250 1234 1230 1225
251 1227 1218 1228
252 1254 1212 1220
253 1221 1241 1262
254 1233 1245 1233
255 1246 1221 1258
256 1229 1228 1222
257 1226 1218 1235
258 1227 1220 1231
259 1233 1241 1249
260 1232 1222 1235
261 1218 1228 1233
262 1221 1224 1241
263 1221 1224 1221
264 1269 1225 1236
265 1244 1229 1238
266 1217 1211 1232
267 1237 1215 1230
268 1254 1248 1239
269 1229 1237 1224
270 1239 1222 1233
271 1241 1219 1236
272 1244 1250 1249
273 1238 1227 1238
274 1225 1237 1237
275 1244 1234 1254
276 1241 1234 1250
277 1241 1224 1243
278 1225 1220 1224
279 1223 1239 1224
280 1258 1236 1249
281 1237 1215 1236
282 1242 1221 1231
283 1234 1228 1228
284 1224 1232 1229
285 1236 1231 1229
286 1254 1221 1232
287 1251 1217 1234
288 1234 1215 1219
289 1242 1216 1248
290 1238 1230 1224
291 1235 1240 1235
292 1251 1222 1230
293 1220 1224 1247
294 1244 1241 1252
295 1224 1231 1228
296 1234 1236 1233
297 1235 1230 1253
298 1248 1224 1242
299 1231 1232 1252
300 1235 1211 1233
301 1232 1225 1236
302 1235 1213 1236
303 1246 1234 1238
304 1241 1230 1241
305 1225 1218 1239
306 1217 1232 1251
307 1232 1243 1232
308 1243 1227 1241
309 1238 1223 1249
310 1230 1223 1221
311 1240 1231 1239
312 1241 1242 1238
313 1236 1226 1238
314 1245 1230 1257
315 1232 1226 1232
316 1236 1253 1240
317 1240 1237 1259
318 1236 1219 1239
319 1221 1224 1228
320 1233 1240 1238
321 1250 1231 1235
322 1220 1221 1226
323 1231 1247 1248
324 1240 1233 1240
325 1241 1208 1228
326 1243 1223 1236
327 1236 1226 1242
328 1241 1224 1231
329 1261 1237 1242
330 1272 1235 1270
331 1233 1251 1237
332 1233 1237 1250
333 1232 1253 1249
334 1234 1232 1230
335 1236 1224 1215
336 1238 1241 1241
337 1234 1240 1247
338 1242 1232 1245
339 1256 1242 1244
340 1238 1233 1248
341 1259 1230 1254
342 1253 1236 1258
343 1214 1230 1244
344 1236 1234 1248
345 1254 1230 1252
346 1250 1242 1260
347 1263 1248 1256
348 1255 1242 1263
349 1254 1248 1249
350 1286 1258 1259
351 1252 1247 1255
352 1265 1248 1262
353 1246 1261 1266
354 1262 1271 1274
355 1267 1286 1270
356 1258 1246 1270
357 1269 1263 1266
358 1289 1282 1266
359 1271 1267 1271
360 1271 1269 1265
361 1277 1267 1268
362 1267 1281 1280
363 1282 1273 1281
364 1270 1278 1280
365 1293 1281 1269
366 1284 1298 1273
367 1281 1258 1288
368 1281 1268 1285
369 1271 1273 1270
370 1271 1280 1299
371 1285 1266 1273
372 1270 1259 1281
373 1255 1260 1264
374 1276 1253 1252
375 1254 1249 1261
376 1274 1241 1274
377 1253 1247 1249
378 1257 1243 1245
379 1241 1263 1256
380 1248 1255 1249
381 1244 1262 1264
382 1273 1244 1275
383 1262 1247 1255
384 1237 1246 1240
385 1245 1256 1262
386 1249 1245 1243
387 1235 1230 1243
388 1243 1236 1263
389 1244 1239 1248
390 1226 1224 1236
391 1240 1251 1237
392 1235 1228 1234
393 1222 1229 1231
394 1235 1227 1232
395 1219 1226 1230
396 1247 1217 1252
397 1217 1222 1233
398 1252 1248 1231
399 1244 1223 1228
400 1226 1219 1234
401 1241 1233 1243
402 1241 1245 1238
403 1223 1222 1242
404 1234 1227 1241
405 1257 1245 1251
406 1224 1218 1241
407 1221 1217 1224
408 1215 1206 1228
409 1242 1226 1232
410 1224 1231 1233
411 1222 1221 1232
412 1214 1236 1237
413 1239 1222 1230
414 1226 1227 1235
415 1218 1211 1221
416 1232 1220 1223
417 1222 1231 1245
418 1220 1218 1253
419 1218 1204 1255
420 1219 1227 1224
421 1223 1215 1228
422 1233 1231 1226
423 1232 1221 1240
424 1230 1218 1246
425 1229 1225 1234
426 1245 1224 1238
427 1254 1243 1241
428 1240 1216 1233
429 1230 1214 1228
430 1232 1237 1250
431 1274 1246 1255
432 1225 1220 1218
433 1220 1220 1238
434 1253 1233 1239
435 1248 1232 1244
436 1230 1237 1235
437 1237 1236 1236
438 1234 1246 1249
439 1258 1248 1260
440 1230 1228 1245
441 1244 1223 1236
442 1253 1231 1241
443 1245 1222 1231
444 1238 1244 1229
445 1219 1223 1227
446 1253 1251 1244
447 1244 1220 1237
448 1227 1219 1226
449 1230 1230 1244
450 1238 1225 1235
451 1222 1225 1235
452 1233 1234 1214
453 1218 1210 1234
454 1238 1219 1234
455 1221 1223 1219
456 1211 1224 1213
457 1216 1219 1227
458 1225 1223 1221
459 1215 1215 1220
460 1216 1217 1229
461 1234 1214 1210
462 1222 1220 1228
463 1229 1206 1222
464 1244 1226 1229
465 1232 1215 1224
466 1214 1213 1226
467 1212 1207 1210
468 1224 1214 1226
469 1231 1224 1226
470 1223 1216 1220
471 1225 1227 1222
472 1236 1227 1234
473 1241 1247 1225
474 1203 1209 1207
475 1225 1214 1222
476 1248 1223 1218
477 1221 1211 1222
478 1201 1214 1205
479 1214 1208 1239
480 1214 1223 1214
481 1208 1213 1219
482 1218 1204 1224
483 1224 1221 1222
484 1240 1233 1219
485 1213 1204 1232
486 1225 1213 1226
487 1214 1218 1219
488 1239 1193 1222
489 1214 1211 1245
490 1220 1221 1230
491 1234 1223 1218
492 1232 1217 1215
493 1206 1209 1218
494 1212 1190 1203
495 1228 1216 1227
496 1233 1229 1239
497 1221 1213 1235
498 1234 1224 1228
499 1210 1229 1239
500 1230 1200 1213
501 1214 1205 1232
502 1246 1231 1219
503 1203 1209 1220
504 1224 1207 1217
505 1224 1222 1245
506 1222 1223 1215
507 1209 1219 1229
508 1219 1220 1244
509 1216 1206 1240
510 1206 1205 1224
511 1242 1220 1214
512 1216 1216 1230
513 1220 1216 1227
514 1213 1215 1225
515 1223 1223 1228
516 1218 1233 1241
517 1227 1209 1230
518 1235 1205 1215
519 1210 1203 1223
520 1218 1216 1220
521 1216 1229 1216
522 1219 1203 1228
523 1218 1204 1228
524 1232 1230 1230
525 1224 1210 1218
526 1221 1218 1242
527 1221 1220 1218
528 1220 1213 1224
529 1218 1212 1240
530 1218 1213 1218
531 1228 1206 1222
532 1207 1196 1224
533 1212 1213 1219
534 1224 1206 1215
535 1225 1213 1218
536 1211 1204 1205
537 1219 1231 1227
538 1233 1215 1237
539 1220 1214 1220
540 1231 1219 1229
541 1204 1210 1206
542 1209 1214 1229
543 1228 1212 1216
544 1227 1208 1213
545 1211 1205 1226
546 1214 1225 1231
547 1215 1212 1247
548 1215 1233 1230
549 1218 1209 1220
550 1214 1203 1217
551 1228 1225 1240
552 1224 1219 1223
553 1217 1223 1211
554 1227 1214 1227
555 1214 1215 1236
556 1219 1203 1224
557 1219 1204 1230
558 1223 1211 1231
559 1225 1226 1218
560 1216 1219 1223
561 1210 1216 1229
562 1217 1228 1229
563 1218 1207 1227
564 1238 1211 1208
565 1208 1200 1233
566 1233 1208 1233
567 1212 1230 1231
568 1213 1214 1217
569 1212 1210 1217
570 1217 1201 1213
571 1210 1224 1239
572 1223 1218 1239
573 1222 1211 1228
574 1222 1201 1213
575 1215 1219 1221
576 1215 1219 1224
577 1203 1206 1231
578 1210 1205 1206
579 1207 1218 1220
580 1216 1210 1227
581 1208 1209 1208
582 1213 1199 1217
583 1214 1206 1216
584 1203 1203 1220
585 1222 1212 1224
586 1221 1211 1221
587 1218 1209 1224
588 1189 1205 1222
589 1235 1217 1222
590 1229 1209 1224
591 1226 1206 1213
592 1218 1208 1225
593 1197 1196 1221
594 1208 1212 1226
595 1210 1212 1211
596 1222 1220 1217
597 1205 1198 1207
598 1204 1210 1218
599 1214 1203 1219
600 1214 1216 1226
601 1197 1202 1237
602 1213 1222 1220
603 1230 1215 1221
604 1209 1228 1223
605 1211 1231 1233
606 1210 1216 1219
607 1206 1210 1217
608 1234 1206 1220
609 1226 1226 1220
610 1229 1214 1225
611 1215 1208 1225
612 1220 1226 1220
613 1206 1209 1213
614 1214 1228 1216
615 1208 1227 1221
616 1215 1228 1242
617 1217 1196 1239
618 1215 1213 1228
619 1223 1231 1223
620 1209 1225 1225
621 1215 1216 1213
622 1215 1210 1233
623 1216 1210 1215
624 1209 1214 1207
625 1218 1212 1222
626 1225 1220 1221
627 1209 1215 1224
628 1226 1210 1212
629 1191 1198 1224
630 1241 1224 1216
631 1205 1225 1245
632 1214 1216 1226
633 1225 1226 1247
634 1218 1195 1231
635 1201 1224 1216
636 1234 1214 1238
637 1201 1200 1211
638 1199 1198 1220
639 1212 1220 1223
640 1214 1214 1205
641 1210 1211 1238
642 1218 1201 1207
643 1225 1208 1232
644 1203 1212 1210
645 1208 1195 1204
646 1222 1216 1226
647 1218 1208 1217
648 1222 1202 1209
649 1223 1215 1227
650 1221 1235 1220
651 1210 1196 1214
652 1218 1216 1215
653 1235 1211 1219
654 1223 1206 1227
655 1209 1214 1232
656 1223 1205 1213
657 1212 1224 1218
658 1213 1216 1232
659 1213 1222 1216
660 1216 1219 1221
661 1204 1202 1216
662 1244 1233 1226
663 1231 1217 1226
664 1231 1208 1225
665 1218 1219 1223
666 1221 1214 1223
667 1223 1219 1210
668 1213 1214 1212
669 1213 1204 1222
670 1217 1215 1206
671 1234 1225 1232
672 1219 1213 1238
673 1204 1200 1220
674 1220 1215 1228
675 1227 1254 1227
676 1218 1204 1224
677 1209 1207 1228
678 1202 1215 1227
679 1212 1213 1221
680 1203 1201 1235
681 1222 1204 1229
682 1232 1215 1227
683 1247 1209 1218
684 1226 1202 1215
685 1217 1204 1235
686 1229 1219 1229
687 1219 1209 1231
688 1224 1209 1221
689 1219 1196 1217
690 1218 1224 1233
691 1227 1206 1215
692 1248 1218 1242
693 1219 1213 1211
694 1212 1194 1222
695 1229 1221 1219
696 1217 1207 1215
697 1212 1212 1227
698 1216 1225 1225
699 1224 1203 1212
700 1238 1228 1214
701 1214 1214 1220
702 1218 1219 1232
703 1231 1221 1232
704 1213 1229 1226
705 1213 1220 1216
706 1223 1224 1235
707 1213 1226 1228
708 1215 1216 1223
709 1236 1221 1241
710 1234 1203 1233
711 1213 1217 1219
712 1231 1221 1230
713 1224 1209 1233
714 1227 1220 1227
715 1228 1225 1229
716 1215 1209 1231
717 1225 1209 1220
718 1245 1213 1224
719 1212 1213 1223
720 1240 1217 1266
721 1241 1237 1241
722 1226 1225 1235
723 1243 1225 1238
724 1229 1227 1226
725 1213 1223 1223
726 1230 1235 1256
727 1242 1229 1239
728 1231 1222 1219
729 1223 1238 1225
730 1233 1239 1255
731 1250 1233 1242
732 1227 1217 1220
733 1223 1231 1234
734 1231 1217 1244
735 1237 1226 1231
736 1232 1213 1234
737 1230 1246 1246
738 1231 1218 1241
739 1226 1222 1228
740 1246 1234 1252
741 1240 1225 1255
742 1238 1227 1227
743 1243 1236 1271
744 1243 1229 1250
745 1242 1234 1245
746 1239 1213 1227
747 1240 1242 1245
748 1246 1238 1231
749 1268 1240 1229
750 1229 1219 1235
751 1218 1224 1224
752 1221 1214 1231
753 1228 1230 1239
754 1218 1212 1225
755 1227 1228 1225
756 1254 1222 1233
757 1216 1222 1229
758 1219 1212 1236
759 1216 1212 1233
760 1210 1222 1228
761 1210 1210 1235
762 1234 1213 1224
763 1203 1229 1223
764 1241 1227 1215
765 1213 1236 1216
766 1249 1228 1222
767 1224 1208 1218
768 1224 1221 1219
769 1212 1213 1232
770 1245 1223 1226
771 1233 1208 1227
772 1231 1222 1232
773 1231 1209 1238
774 1253 1215 1222
775 1227 1228 1231
776 1219 1214 1233
777 1225 1221 1225
778 1224 1224 1235
779 1227 1223 1230
780 1206 1209 1214
781 1212 1202 1211
782 1226 1202 1235
783 1235 1217 1222
784 1218 1212 1215
785 1218 1221 1226
786 1224 1214 1226
787 1222 1236 1239
788 1222 1217 1216
789 1222 1209 1215
790 1201 1192 1206
791 1219 1231 1238
792 1245 1234 1228
793 1230 1225 1230
794 1217 1222 1245
795 1216 1218 1238
796 1228 1236 1244
797 1217 1198 1215
798 1225 1220 1233
799 1229 1214 1231
800 1249 1231 1232
801 1213 1215 1229
802 1232 1205 1218
803 1215 1222 1227
804 1227 1218 1231
805 1217 1232 1228
806 1214 1201 1239
807 1218 1222 1233
808 1238 1244 1225
809 1222 1217 1229
810 1216 1227 1228
811 1227 1220 1239
812 1227 1220 1227
813 1239 1215 1214
814 1219 1216 1241
815 1218 1218 1217
816 1233 1225 1228
817 1228 1236 1243
818 1221 1215 1218
819 1202 1214 1247
820 1229 1216 1230
821 1220 1206 1225
822 1218 1217 1234
823 1232 1209 1228
824 1221 1217 1215
825 1220 1218 1238
826 1224 1236 1228
827 1228 1229 1230
828 1211 1201 1205
829 1216 1210 1227
830 1229 1232 1231
831 1220 1219 1217
832 1219 1225 1236
833 1218 1199 1226
834 1226 1237 1229
835 1220 1222 1235
836 1229 1222 1221
837 1235 1221 1265
838 1227 1220 1226
839 1225 1218 1237
840 1223 1218 1219
841 1223 1210 1221
842 1210 1207 1219
843 1228 1222 1230
844 1209 1213 1210
845 1227 1224 1230
846 1223 1238 1245
847 1224 1230 1244
848 1217 1234 1223
849 1221 1210 1232
850 1223 1235 1240
851 1216 1210 1224
852 1236 1223 1227
853 1225 1220 1214
854 1220 1217 1236
855 1225 1225 1252
856 1227 1230 1232
857 1219 1222 1244
858 1224 1232 1241
859 1226 1209 1240
860 1229 1219 1231
861 1228 1218 1226
862 1229 1214 1229
863 1231 1214 1220
864 1233 1224 1232
865 1230 1224 1236
866 1217 1217 1229
867 1221 1220 1234
868 1223 1241 1229
869 1229 1224 1240
870 1228 1217 1229
871 1218 1235 1230
872 1225 1215 1237
873 1219 1212 1243
874 1220 1211 1229
875 1222 1218 1237
876 1232 1227 1237
877 1228 1198 1208
878 1239 1214 1235
879 1250 1257 1241
880 1218 1221 1224
881 1223 1222 1220
882 1218 1205 1226
883 1217 1219 1226
884 1259 1229 1229
885 1238 1218 1229
886 1223 1224 1229
887 1236 1239 1256
888 1225 1221 1233
889 1223 1208 1225
890 1225 1220 1231
891 1229 1227 1224
892 1230 1223 1241
893 1241 1220 1230
894 1219 1199 1222
895 1230 1211 1231
896 1214 1224 1242
897 1235 1216 1241
898 1219 1239 1240
899 1227 1221 1242
900 1216 1234 1235
901 1212 1200 1229
902 1223 1220 1217
903 1235 1237 1251
904 1236 1231 1226
905 1214 1212 1224
906 1228 1214 1225
907 1223 1235 1226
908 1212 1224 1233
909 1240 1224 1235
910 1215 1225 1233
911 1228 1227 1231
912 1241 1245 1239
913 1226 1224 1242
914 1224 1231 1226
915 1217 1202 1223
916 1220 1218 1237
917 1235 1229 1253
918 1234 1222 1233
919 1214 1217 1221
920 1218 1226 1241
921 1243 1225 1248
922 1225 1211 1216
923 1241 1232 1229
924 1219 1206 1234
925 1219 1230 1252
926 1235 1237 1225
927 1237 1218 1235
928 1225 1221 1240
929 1235 1253 1252
930 1237 1240 1255
931 1264 1234 1231
932 1240 1232 1219
933 1219 1219 1234
934 1239 1231 1234
935 1226 1218 1242
936 1232 1208 1234
937 1233 1229 1245
938 1237 1221 1228
939 1222 1243 1235
940 1235 1226 1227
941 1229 1233 1248
942 1253 1230 1242
943 1230 1231 1239
944 1239 1226 1251
945 1246 1253 1244
946 1230 1217 1226
947 1215 1227 1241
948 1243 1242 1243
949 1257 1246 1251
950 1233 1226 1233
951 1221 1217 1227
952 1228 1224 1241
953 1232 1230 1239
954 1245 1231 1231
955 1241 1225 1246
956 1234 1228 1245
957 1228 1228 1234
958 1236 1231 1256
959 1232 1241 1244
960 1258 1229 1233
961 1232 1227 1235
962 1230 1226 1231
963 1235 1245 1253
964 1231 1221 1244
965 1227 1221 1238
966 1236 1220 1238
967 1229 1221 1236
968 1237 1238 1247
969 1236 1227 1261
970 1251 1223 1239
971 1239 1239 1251
972 1235 1229 1248
973 1231 1245 1252
974 1256 1236 1239
975 1226 1218 1233
976 1222 1218 1237
977 1241 1238 1239
978 1242 1241 1243
979 1233 1235 1250
980 1235 1232 1239
981 1247 1232 1230
982 1230 1223 1250
983 1230 1233 1245
984 1234 1232 1240
985 1253 1243 1251
986 1251 1240 1233
987 1245 1228 1229
988 1246 1236 1237
989 1236 1228 1236
990 1230 1216 1240
991 1236 1235 1252
992 1234 1235 1237
993 1233 1219 1232
994 1241 1217 1233
995 1228 1214 1256
996 1233 1224 1234
997 1232 1232 1246
998 1231 1236 1232
999 1225 1225 1247
1000 1223 1218 1247
1001 1229 1228 1244
1002 1241 1248 1255
1003 1251 1241 1252
1004 1244 1236 1242
1005 1233 1226 1241
1006 1228 1236 1241
1007 1226 1240 1244
1008 1239 1244 1236
1009 1253 1239 1255
1010 1252 1227 1253
1011 1248 1252 1244
1012 1253 1251 1250
1013 1241 1231 1244
1014 1235 1234 1239
1015 1231 1232 1246
1016 1245 1232 1233
1017 1245 1231 1244
1018 1232 1230 1236
1019 1227 1233 1247
1020 1240 1243 1247
1021 1242 1233 1252
1022 1230 1227 1233
1023 1224 1228 1241
1024 1259 1266 1248
1025 1252 1237 1256
1026 1225 1218 1244
1027 1250 1227 1248
1028 1250 1235 1250
1029 1221 1233 1247
1030 1261 1248 1237
1031 1245 1241 1240
1032 1242 1218 1231
1033 1230 1244 1257
1034 1247 1244 1244
1035 1261 1233 1248
1036 1236 1225 1252
1037 1234 1234 1242
1038 1240 1244 1253
1039 1245 1243 1268
1040 1247 1223 1244
1041 1237 1227 1254
1042 1247 1239 1254
1043 1219 1234 1230
1044 1231 1230 1235
1045 1236 1242 1265
1046 1257 1233 1257
1047 1235 1223 1244
1048 1238 1222 1226
1049 1236 1265 1259
1050 1230 1239 1239
1051 1231 1222 1224
1052 1238 1228 1248
1053 1238 1240 1251
1054 1236 1227 1247
1055 1220 1235 1239
1056 1235 1241 1238
1057 1235 1230 1253
1058 1221 1216 1225
1059 1228 1227 1231
1060 1249 1249 1252
1061 1235 1234 1244
1062 1237 1226 1227
1063 1215 1226 1238
1064 1227 1222 1242
1065 1239 1234 1234
1066 1251 1226 1224
1067 1238 1255 1245
1068 1234 1228 1238
1069 1230 1240 1252
1070 1228 1221 1231
1071 1237 1252 1258
1072 1238 1246 1263
1073 1249 1224 1256
1074 1243 1228 1246
1075 1228 1232 1246
1076 1236 1232 1249
1077 1211 1218 1231
1078 1242 1228 1237
1079 1238 1238 1244
1080 1243 1241 1237
1081 1251 1227 1230
1082 1229 1236 1243
1083 1235 1239 1253
1084 1247 1233 1237
1085 1245 1244 1240
1086 1230 1231 1235
1087 1224 1239 1238
1088 1247 1245 1256
1089 1232 1244 1259
1090 1239 1226 1240
1091 1239 1231 1244
1092 1242 1254 1258
1093 1245 1250 1250
1094 1232 1242 1244
1095 1232 1256 1248
1096 1238 1240 1252
1097 1237 1232 1236
1098 1255 1227 1233
1099 1229 1236 1239
1100 1234 1258 1238
1101 1254 1233 1254
1102 1251 1256 1244
1103 1232 1254 1230
1104 1251 1237 1236
1105 1242 1242 1247
1106 1234 1244 1244
1107 1238 1244 1236
1108 1252 1253 1262
1109 1215 1227 1228
1110 1246 1252 1242
1111 1248 1238 1259
1112 1232 1226 1231
1113 1241 1247 1253
1114 1250 1246 1245
1115 1239 1244 1239
1116 1254 1226 1235
1117 1240 1249 1253
1118 1242 1251 1259
1119 1251 1240 1240
1120 1255 1228 1232
1121 1241 1243 1251
1122 1257 1241 1246
1123 1246 1240 1262
1124 1249 1231 1248
1125 1248 1250 1241
1126 1227 1230 1230
1127 1237 1238 1269
1128 1242 1233 1242
1129 1227 1236 1256
1130 1250 1243 1260
1131 1241 1250 1255
1132 1246 1236 1251
1133 1230 1219 1227
1134 1247 1246 1251
1135 1258 1237 1260
1136 1227 1236 1243
1137 1250 1242 1244
1138 1240 1245 1254
1139 1226 1235 1244
1140 1240 1249 1261
1141 1241 1235 1251
1142 1247 1246 1255
1143 1244 1238 1253
1144 1235 1252 1239
1145 1231 1224 1236
1146 1242 1240 1259
1147 1251 1260 1247
1148 1247 1244 1255
1149 1244 1246 1251
1150 1239 1222 1242
1151 1278 1244 1251
1152 1252 1234 1246
1153 1249 1239 1249
1154 1267 1235 1248
1155 1253 1248 1249
1156 1260 1261 1273
1157 1251 1229 1249
1158 1268 1235 1255
1159 1228 1233 1240
1160 1261 1246 1239
1161 1234 1240 1245
1162 1248 1246 1250
1163 1242 1248 1275
1164 1243 1234 1254
1165 1245 1244 1243
1166 1235 1252 1249
1167 1244 1254 1253
1168 1242 1247 1252
1169 1241 1251 1262
1170 1232 1231 1255
1171 1248 1271 1256
1172 1248 1249 1263
1173 1269 1238 1251
1174 1242 1241 1246
1175 1249 1254 1240
1176 1263 1246 1257
1177 1253 1246 1257
1178 1248 1240 1253
1179 1264 1251 1237
1180 1238 1226 1256
1181 1239 1243 1255
1182 1244 1235 1248
1183 1237 1242 1252
1184 1246 1234 1245
1185 1275 1269 1255
1186 1257 1250 1249
1187 1240 1245 1249
1188 1265 1247 1249
1189 1255 1239 1250
1190 1253 1235 1244
1191 1242 1253 1245
1192 1249 1233 1267
1193 1263 1256 1256
1194 1253 1237 1243
1195 1244 1238 1246
1196 1251 1247 1262
1197 1251 1242 1253
1198 1254 1245 1239
1199 1234 1237 1241
1200 1245 1239 1258
1201 1256 1253 1251
1202 1250 1241 1231
1203 1259 1233 1241
1204 1268 1250 1236
1205 1251 1240 1251
1206 1262 1243 1261
1207 1254 1247 1251
1208 1260 1258 1258
1209 1243 1239 1262
1210 1247 1247 1267
1211 1247 1253 1254
1212 1245 1246 1265
1213 1259 1256 1243
1214 1245 1236 1251
1215 1266 1246 1256
1216 1245 1249 1253
1217 1248 1242 1247
1218 1258 1251 1249
1219 1269 1236 1240
1220 1270 1255 1253
1221 1246 1242 1257
1222 1250 1246 1242
1223 1250 1235 1251
1224 1235 1241 1246
1225 1258 1244 1272
1226 1251 1237 1246
1227 1233 1225 1242
1228 1255 1244 1243
1229 1243 1261 1254
1230 1242 1241 1254
1231 1246 1227 1231
1232 1251 1255 1267
1233 1272 1235 1254
1234 1250 1246 1249
1235 1246 1231 1248
1236 1253 1242 1268
1237 1257 1242 1239
1238 1253 1235 1250
1239 1239 1228 1254
1240 1238 1233 1249
1241 1283 1245 1283
1242 1267 1231 1249
1243 1253 1249 1260
1244 1245 1252 1253
1245 1246 1232 1246
1246 1245 1249 1252
1247 1268 1234 1251
1248 1256 1239 1245
1249 1258 1242 1265
1250 1253 1249 1245
1251 1250 1245 1254
1252 1259 1244 1263
1253 1249 1238 1239
1254 1253 1245 1241
1255 1264 1249 1246
1256 1276 1248 1259
1257 1243 1254 1261
1258 1269 1244 1264
1259 1256 1265 1253
1260 1242 1249 1264
1261 1249 1234 1235
1262 1258 1244 1247
1263 1261 1261 1258
1264 1255 1246 1247
1265 1255 1268 1260
1266 1241 1245 1245
1267 1262 1251 1246
1268 1274 1253 1249
1269 1265 1254 1257
1270 1265 1253 1258
1271 1250 1234 1250
1272 1258 1249 1258
1273 1263 1251 1260
1274 1254 1245 1255
1275 1251 1255 1257
1276 1261 1245 1267
1277 1259 1246 1257
1278 1255 1243 1263
1279 1253 1237 1259
1280 1256 1245 1257
1281 1261 1256 1257
1282 1264 1243 1250
1283 1250 1247 1244
1284 1257 1262 1270
1285 1243 1233 1245
1286 1279 1258 1262
1287 1236 1233 1254
1288 1246 1241 1249
1289 1248 1243 1248
1290 1253 1264 1261
1291 1232 1231 1253
1292 1242 1239 1261
1293 1255 1252 1263
1294 1251 1259 1254
1295 1247 1237 1242
1296 1252 1254 1240
1297 1260 1249 1269
1298 1264 1246 1255
1299 1263 1242 1248
1300 1243 1235 1253
1301 1251 1237 1260
1302 1269 1246 1266
1303 1237 1239 1246
1304 1248 1251 1262
1305 1260 1274 1256
1306 1253 1259 1251
1307 1253 1241 1237
1308 1269 1263 1252
1309 1243 1242 1244
1310 1256 1262 1254
1311 1269 1238 1278
1312 1246 1236 1241
1313 1264 1244 1243
1314 1270 1250 1247
1315 1247 1248 1254
1316 1262 1252 1253
1317 1252 1248 1263
1318 1262 1262 1252
1319 1262 1254 1265
1320 1263 1251 1256
1321 1255 1237 1277
1322 1242 1243 1251
1323 1257 1253 1269
1324 1256 1253 1256
1325 1241 1242 1271
1326 1240 1252 1257
1327 1256 1234 1258
1328 1250 1273 1265
1329 1249 1246 1259
1330 1259 1251 1257
1331 1249 1254 1260
1332 1253 1253 1255
1333 1251 1250 1251
1334 1259 1247 1258
1335 1240 1233 1251
1336 1262 1252 1246
1337 1249 1251 1252
1338 1253 1244 1266
1339 1264 1254 1253
1340 1250 1235 1261
1341 1261 1245 1265
1342 1246 1245 1245
1343 1263 1234 1250
1344 1245 1236 1254
1345 1247 1245 1247
1346 1246 1250 1253
1347 1238 1229 1245
1348 1264 1243 1252
1349 1249 1248 1254
1350 1247 1246 1263
1351 1244 1234 1267
1352 1257 1251 1258
1353 1252 1251 1260
1354 1259 1250 1259
1355 1255 1257 1269
1356 1264 1243 1263
1357 1254 1249 1254
1358 1243 1239 1256
1359 1244 1244 1236
1360 1252 1238 1265
1361 1256 1248 1273
1362 1250 1230 1255
1363 1263 1239 1262
1364 1251 1243 1253
1365 1249 1257 1247
1366 1254 1245 1259
1367 1257 1256 1245
1368 1250 1259 1242
1369 1259 1245 1264
1370 1255 1250 1273
1371 1259 1244 1270
1372 1255 1241 1252
1373 1260 1248 1267
1374 1262 1242 1247
1375 1252 1246 1263
1376 1252 1253 1258
1377 1249 1246 1260
1378 1261 1246 1244
1379 1267 1238 1255
1380 1271 1256 1249
1381 1251 1245 1243
1382 1249 1245 1263
1383 1265 1244 1249
1384 1259 1237 1280
1385 1251 1241 1261
1386 1259 1257 1259
1387 1260 1252 1244
1388 1262 1244 1258
1389 1248 1234 1253
1390 1279 1246 1257
1391 1261 1248 1269
1392 1250 1241 1266
1393 1257 1238 1244
1394 1242 1237 1244
1395 1254 1265 1257
1396 1267 1257 1255
1397 1250 1246 1283
1398 1242 1246 1264
1399 1259 1252 1267
1400 1252 1247 1243
1401 1254 1242 1257
1402 1263 1252 1268
1403 1253 1248 1262
1404 1262 1254 1255
1405 1252 1239 1253
1406 1251 1256 1255
1407 1246 1239 1239
1408 1262 1257 1249
1409 1262 1270 1257
1410 1249 1260 1255
1411 1248 1248 1246
1412 1257 1247 1271
1413 1265 1249 1248
1414 1248 1249 1273
1415 1262 1249 1256
1416 1246 1251 1245
1417 1259 1256 1255
1418 1270 1244 1250
1419 1243 1262 1272
1420 1260 1258 1270
1421 1256 1238 1252
1422 1257 1244 1269
1423 1256 1252 1262
1424 1266 1243 1243
1425 1273 1260 1241
1426 1260 1248 1246
1427 1275 1264 1285
1428 1274 1263 1265
1429 1260 1247 1274
1430 1233 1260 1252
1431 1248 1233 1240
1432 1255 1261 1271
1433 1262 1253 1263
1434 1266 1247 1241
1435 1255 1261 1278
1436 1271 1258 1262
1437 1266 1254 1273
1438 1259 1253 1262
1439 1256 1282 1274
1440 1258 1251 1261
1441 1244 1252 1259
1442 1260 1259 1273
1443 1264 1248 1240
1444 1240 1261 1249
1445 1269 1254 1251
1446 1245 1250 1254
1447 1255 1241 1264
1448 1257 1255 1249
1449 1253 1240 1261
1450 1259 1238 1254
1451 1258 1255 1275
1452 1240 1239 1247
1453 1245 1256 1269
1454 1246 1258 1243
1455 1261 1258 1270
1456 1252 1260 1258
1457 1249 1258 1271
1458 1272 1239 1233
1459 1249 1248 1263
1460 1250 1248 1260
1461 1252 1241 1257
1462 1243 1246 1268
1463 1243 1247 1266
1464 1249 1264 1291
1465 1281 1265 1255
1466 1249 1253 1257
1467 1258 1248 1263
1468 1261 1259 1250
1469 1276 1261 1266
1470 1262 1257 1246
1471 1261 1243 1250
1472 1248 1252 1261
1473 1262 1270 1269
1474 1268 1267 1246
1475 1246 1249 1255
1476 1252 1264 1262
1477 1263 1251 1249
1478 1262 1237 1244
1479 1273 1254 1260
1480 1260 1259 1258
1481 1254 1248 1259
1482 1255 1262 1253
1483 1259 1255 1257
1484 1250 1251 1258
1485 1250 1248 1259
1486 1258 1262 1265
1487 1248 1251 1266
1488 1247 1254 1260
1489 1256 1252 1277
1490 1268 1246 1251
1491 1251 1241 1258
1492 1261 1247 1249
1493 1262 1253 1259
1494 1259 1267 1258
1495 1255 1254 1256
1496 1266 1259 1258
1497 1264 1251 1257
1498 1267 1256 1267
1499 1246 1274 1272
1500 1255 1284 1255
1501 1247 1256 1247
1502 1255 1256 1249
1503 1262 1266 1272
1504 1256 1253 1273
1505 1259 1258 1261
1506 1255 1254 1283
1507 1265 1261 1265
1508 1263 1261 1263
1509 1266 1242 1265
1510 1256 1285 1247
1511 1264 1266 1263
1512 1263 1254 1261
1513 1274 1264 1258
1514 1253 1256 1262
1515 1253 1259 1265
1516 1256 1256 1263
1517 1260 1259 1268
1518 1271 1265 1256
1519 1259 1247 1260
1520 1251 1250 1272
1521 1251 1257 1287
1522 1264 1255 1255
1523 1250 1258 1268
1524 1292 1273 1281
1525 1256 1273 1248
1526 1265 1253 1262
1527 1259 1269 1269
1528 1289 1265 1272
1529 1255 1261 1258
1530 1266 1258 1276
1531 1249 1283 1281
1532 1234 1254 1264
1533 1267 1252 1275
1534 1279 1263 1258
1535 1267 1276 1274
1536 1255 1262 1266
1537 1255 1251 1257
1538 1252 1259 1271
1539 1266 1273 1279
1540 1274 1263 1268
1541 1262 1259 1273
1542 1253 1267 1274
1543 1269 1270 1272
1544 1272 1265 1269
1545 1263 1244 1263
1546 1258 1258 1270
1547 1252 1265 1271
1548 1299 1266 1275
1549 1282 1257 1270
1550 1248 1258 1265
1551 1287 1265 1263
1552 1264 1269 1271
1553 1253 1267 1262
1554 1259 1265 1258
1555 1264 1273 1269
1556 1266 1263 1244
1557 1262 1241 1272
1558 1270 1252 1260
1559 1275 1267 1283
1560 1274 1265 1257
1561 1248 1267 1286
1562 1267 1277 1264
1563 1268 1276 1273
1564 1264 1267 1276
1565 1277 1263 1268
1566 1255 1275 1266
1567 1267 1260 1277
1568 1261 1252 1255
1569 1285 1278 1270
1570 1268 1259 1261
1571 1257 1262 1288
1572 1269 1271 1272
1573 1253 1256 1276
1574 1264 1268 1271
1575 1264 1279 1266
1576 1266 1255 1267
1577 1256 1262 1271
1578 1272 1259 1269
1579 1248 1280 1287
1580 1264 1271 1279
1581 1262 1275 1276
1582 1280 1251 1267
1583 1252 1283 1275
1584 1267 1269 1273
1585 1269 1266 1280
1586 1282 1281 1267
1587 1256 1267 1276
1588 1292 1258 1289
1589 1254 1286 1287
1590 1250 1278 1275
1591 1271 1287 1280
1592 1272 1276 1274
1593 1261 1263 1275
1594 1261 1271 1261
1595 1275 1274 1272
1596 1306 1271 1289
1597 1265 1278 1267
1598 1264 1258 1256
1599 1263 1274 1275
1600 1312 1274 1274
1601 1277 1275 1284
1602 1261 1266 1261
1603 1274 1286 1272
1604 1248 1266 1274
1605 1272 1267 1269
1606 1253 1259 1281
1607 1264 1273 1272
1608 1245 1279 1263
1609 1262 1264 1272
1610 1259 1264 1267
1611 1260 1273 1284
1612 1283 1270 1269
1613 1268 1276 1269
1614 1260 1276 1257
1615 1275 1271 1271
1616 1260 1260 1292
1617 1282 1276 1276
1618 1254 1271 1277
1619 1266 1265 1270
1620 1271 1267 1281
1621 1259 1298 1282
1622 1279 1261 1283
1623 1253 1276 1273
1624 1253 1287 1283
1625 1269 1264 1275
1626 1257 1255 1276
1627 1268 1276 1275
1628 1285 1270 1281
1629 1288 1284 1280
1630 1279 1279 1278
1631 1287 1264 1277
1632 1255 1263 1275
1633 1271 1277 1284
1634 1282 1261 1269
1635 1263 1275 1286
1636 1265 1254 1277
1637 1279 1273 1279
1638 1269 1285 1258
1639 1256 1275 1263
1640 1260 1281 1284
1641 1276 1280 1294
1642 1258 1287 1268
1643 1258 1268 1284
1644 1269 1286 1269
1645 1264 1283 1281
1646 1282 1279 1292
1647 1263 1286 1282
1648 1273 1282 1279
1649 1262 1271 1287
1650 1278 1299 1280
1651 1267 1287 1279
1652 1273 1282 1272
1653 1252 1284 1272
1654 1273 1283 1271
1655 1278 1292 1287
1656 1254 1279 1282
1657 1279 1277 1275
1658 1268 1271 1281
1659 1261 1296 1269
1660 1281 1283 1284
1661 1259 1276 1268
1662 1241 1275 1269
1663 1269 1300 1289
1664 1261 1266 1288
1665 1264 1267 1283
1666 1274 1285 1280
1667 1254 1297 1272
1668 1277 1282 1295
1669 1258 1282 1277
1670 1260 1292 1276
1671 1279 1288 1270
1672 1273 1296 1273
1673 1274 1283 1278
1674 1259 1297 1280
1675 1263 1290 1277
1676 1293 1289 1293
1677 1263 1269 1276
1678 1270 1301 1287
1679 1273 1294 1299
1680 1268 1285 1275
1681 1276 1279 1294
1682 1276 1276 1280
1683 1257 1286 1277
1684 1291 1298 1272
1685 1283 1288 1300
1686 1274 1284 1283
1687 1254 1266 1289
1688 1278 1302 1281
1689 1254 1287 1286
1690 1271 1301 1297
1691 1270 1318 1286
1692 1281 1317 1291
1693 1278 1289 1296
1694 1258 1303 1293
1695 1276 1291 1289
1696 1281 1285 1272
1697 1293 1302 1306
1698 1280 1290 1281
1699 1271 1285 1305
1700 1279 1298 1294
1701 1258 1283 1297
1702 1269 1296 1282
1703 1273 1290 1293
1704 1277 1290 1304
1705 1272 1294 1324
1706 1288 1287 1304
1707 1264 1310 1312
1708 1281 1289 1286
1709 1268 1295 1291
1710 1295 1305 1305
1711 1253 1291 1290
1712 1283 1287 1301
1713 1290 1315 1284
1714 1270 1305 1289
1715 1277 1315 1287
1716 1280 1290 1298
1717 1256 1300 1299
1718 1271 1307 1291
1719 1296 1308 1306
1720 1270 1297 1278
1721 1257 1305 1314
1722 1288 1303 1313
1723 1275 1301 1297
1724 1275 1305 1318
1725 1268 1284 1301
1726 1279 1300 1294
1727 1276 1296 1291
1728 1283 1297 1303
1729 1277 1302 1301
1730 1283 1313 1312
1731 1273 1309 1315
1732 1273 1311 1279
1733 1281 1318 1314
1734 1279 1299 1290
1735 1274 1307 1308
1736 1300 1320 1303
1737 1277 1309 1308
1738 1279 1300 1299
1739 1280 1320 1309
1740 1306 1313 1289
1741 1304 1309 1318
1742 1272 1318 1304
1743 1277 1313 1306
1744 1278 1315 1305
1745 1279 1326 1331
1746 1267 1296 1311
1747 1280 1327 1310
1748 1278 1321 1309
1749 1293 1320 1308
1750 1288 1305 1300
1751 1305 1323 1296
1752 1304 1339 1339
1753 1295 1310 1321
1754 1297 1326 1307
1755 1288 1344 1325
1756 1295 1329 1322
1757 1292 1315 1305
1758 1274 1321 1303
1759 1288 1328 1308
1760 1287 1318 1310
1761 1284 1319 1317
1762 1289 1318 1309
1763 1287 1330 1313
1764 1273 1329 1309
1765 1282 1325 1315
1766 1274 1329 1309
1767 1284 1321 1318
1768 1265 1314 1354
1769 1278 1320 1316
1770 1287 1346 1310
1771 1279 1350 1313
1772 1280 1340 1301
1773 1290 1332 1317
1774 1297 1337 1313
1775 1281 1328 1317
1776 1288 1325 1308
1777 1291 1341 1316
1778 1276 1323 1338
1779 1307 1349 1320
1780 1300 1325 1336
1781 1311 1340 1333
1782 1297 1340 1312
1783 1281 1322 1324
1784 1298 1345 1336
1785 1292 1358 1310
1786 1294 1345 1303
1787 1292 1317 1319
1788 1284 1346 1310
1789 1299 1344 1304
1790 1273 1342 1318
1791 1293 1332 1325
1792 1282 1336 1317
1793 1290 1344 1331
1794 1316 1344 1348
1795 1285 1337 1347
1796 1296 1349 1316
1797 1285 1359 1342
1798 1307 1342 1321
1799 1283 1353 1317
1800 1296 1339 1317
1801 1284 1332 1335
1802 1290 1335 1312
1803 1281 1360 1318
1804 1292 1365 1321
1805 1284 1372 1342
1806 1291 1333 1316
1807 1289 1376 1344
1808 1310 1370 1337
1809 1293 1372 1326
1810 1285 1388 1329
1811 1298 1380 1339
1812 1309 1373 1332
1813 1291 1366 1343
1814 1295 1374 1321
1815 1307 1381 1331
1816 1275 1352 1325
1817 1287 1377 1338
1818 1312 1371 1332
1819 1287 1377 1331
1820 1283 1385 1329
1821 1322 1385 1336
1822 1305 1377 1308
1823 1300 1387 1347
1824 1312 1367 1330
1825 1317 1390 1336
1826 1311 1375 1342
1827 1301 1404 1349
1828 1309 1382 1329
1829 1327 1416 1351
1830 1287 1365 1350
1831 1288 1394 1332
1832 1293 1373 1347
1833 1294 1402 1335
1834 1284 1389 1331
1835 1293 1378 1333
1836 1289 1385 1351
1837 1301 1407 1336
1838 1292 1398 1339
1839 1287 1413 1348
1840 1296 1378 1343
1841 1300 1396 1353
1842 1278 1404 1334
1843 1295 1414 1343
1844 1305 1391 1335
1845 1295 1413 1345
1846 1297 1388 1336
1847 1321 1399 1340
1848 1295 1406 1331
1849 1310 1391 1350
1850 1308 1405 1341
1851 1298 1410 1346
1852 1316 1423 1349
1853 1294 1399 1347
1854 1284 1403 1343
1855 1279 1419 1345
1856 1297 1410 1336
1857 1298 1396 1346
1858 1284 1402 1347
1859 1299 1419 1347
1860 1315 1425 1349
1861 1284 1426 1337
1862 1312 1410 1338
1863 1305 1408 1367
1864 1303 1403 1344
1865 1275 1402 1337
1866 1304 1434 1342
1867 1293 1415 1347
1868 1307 1422 1354
1869 1285 1428 1354
1870 1284 1428 1331
1871 1288 1448 1332
1872 1285 1427 1351
1873 1284 1410 1336
1874 1309 1447 1334
1875 1291 1437 1354
1876 1283 1436 1347
1877 1299 1441 1349
1878 1287 1441 1340
1879 1278 1441 1343
1880 1304 1431 1362
1881 1291 1447 1349
1882 1309 1449 1360
1883 1298 1458 1349
1884 1287 1425 1338
1885 1284 1462 1351
1886 1301 1453 1355
1887 1282 1448 1356
1888 1297 1458 1352
1889 1316 1484 1339
1890 1281 1448 1346
1891 1282 1500 1347
1892 1310 1468 1349
1893 1293 1484 1346
1894 1289 1485 1358
1895 1280 1472 1357
1896 1277 1477 1348
1897 1284 1460 1346
1898 1277 1452 1367
1899 1297 1478 1351
1900 1281 1487 1350
1901 1290 1476 1350
1902 1285 1475 1365
1903 1304 1487 1360
1904 1294 1517 1355
1905 1278 1509 1372
1906 1312 1493 1373
1907 1306 1496 1350
1908 1294 1493 1351
1909 1296 1490 1365
1910 1287 1501 1356
1911 1300 1523 1360
1912 1288 1518 1363
1913 1302 1492 1369
1914 1293 1512 1358
1915 1284 1534 1366
1916 1293 1541 1380
1917 1280 1565 1372
1918 1295 1506 1361
1919 1296 1564 1370
1920 1294 1541 1374
1921 1282 1561 1384
1922 1286 1567 1366
1923 1313 1577 1371
1924 1280 1544 1360
1925 1293 1558 1372
1926 1282 1549 1380
1927 1289 1548 1392
1928 1284 1567 1378
1929 1272 1573 1382
1930 1284 1564 1379
1931 1280 1549 1375
1932 1288 1543 1374
1933 1287 1574 1376
1934 1281 1570 1388
1935 1291 1601 1380
1936 1298 1587 1387
1937 1272 1593 1391
1938 1279 1582 1391
1939 1291 1574 1379
1940 1260 1580 1378
1941 1283 1580 1384
1942 1280 1605 1384
1943 1272 1605 1402
1944 1282 1666 1388
1945 1294 1636 1395
1946 1284 1651 1390
1947 1298 1653 1393
1948 1266 1632 1385
1949 1282 1674 1396
1950 1290 1649 1401
1951 1262 1691 1388
1952 1275 1646 1392
1953 1272 1671 1423
1954 1287 1696 1380
1955 1279 1715 1406
1956 1283 1682 1381
1957 1265 1733 1397
1958 1305 1742 1406
1959 1278 1710 1438
1960 1268 1771 1414
1961 1275 1742 1433
1962 1264 1793 1420
1963 1269 1812 1405
1964 1276 1780 1415
1965 1276 1787 1420
1966 1270 1765 1422
1967 1272 1765 1415
1968 1275 1806 1432
1969 1276 1806 1429
1970 1267 1766 1436
1971 1258 1823 1411
1972 1284 1830 1412
1973 1286 1835 1430
1974 1285 1854 1424
1975 1279 1849 1423
1976 1282 1859 1432
1977 1293 1875 1442
1978 1292 1917 1448
1979 1273 1935 1437
1980 1275 1923 1461
1981 1283 1984 1439
1982 1274 1898 1454
1983 1276 1957 1449
1984 1269 1969 1458
1985 1286 1988 1466
1986 1280 1972 1477
1987 1283 2050 1466
1988 1285 1997 1482
1989 1317 2079 1471
1990 1285 2059 1478
1991 1285 2052 1479
1992 1298 2083 1478
1993 1270 2076 1492
1994 1299 2061 1491
1995 1279 2128 1499
1996 1311 2228 1609
1997 1411 2312 1534
1998 1300 2186 1536
1999 1283 2210 1546
2000 1279 2195 1538
