1 1260 1277 1258
2 1242 1258 1260
3 1261 1269 1265
4 1257 1249 1253
5 1223 1232 1220
6 1248 1231 1230
7 1224 1221 1218
8 1221 1212 1211
9 1238 1222 1218
10 1192 1205 1214
11 1210 1199 1205
12 1223 1193 1201
13 1189 1206 1188
14 1198 1188 1211
15 1206 1205 1213
16 1194 1196 1200
17 1200 1199 1180
18 1200 1202 1202
19 1184 1188 1199
20 1187 1202 1202
21 1175 1176 1195
22 1195 1214 1203
23 1208 1192 1188
24 1187 1187 1182
25 1199 1200 1202
26 1178 1182 1186
27 1196 1195 1210
28 1189 1204 1182
29 1182 1178 1191
30 1194 1205 1199
31 1199 1192 1189
32 1181 1187 1191
33 1180 1180 1190
34 1199 1184 1182
35 1180 1187 1187
36 1182 1182 1197
37 1204 1203 1229
38 1191 1191 1197
39 1192 1221 1212
40 1183 1188 1209
41 1197 1202 1228
42 1190 1193 1194
43 1195 1191 1202
44 1186 1187 1209
45 1197 1194 1209
46 1186 1188 1190
47 1186 1204 1196
48 1188 1197 1192
49 1197 1200 1197
50 1182 1197 1192
51 1192 1212 1192
52 1189 1196 1191
53 1178 1197 1205
54 1189 1191 1186
55 1181 1194 1193
56 1189 1184 1187
57 1210 1245 1217
58 1205 1191 1211
59 1191 1191 1194
60 1193 1199 1204
61 1215 1216 1194
62 1203 1187 1207
63 1183 1187 1186
64 1187 1188 1202
65 1207 1214 1216
66 1203 1211 1210
67 1209 1202 1202
68 1193 1221 1204
69 1183 1199 1200
70 1203 1205 1199
71 1194 1217 1184
72 1197 1198 1197
73 1182 1198 1202
74 1201 1202 1222
75 1210 1187 1199
76 1207 1208 1196
77 1199 1194 1184
78 1183 1198 1202
79 1177 1193 1216
80 1190 1203 1194
81 1197 1219 1201
82 1205 1205 1206
83 1181 1188 1182
84 1207 1209 1204
85 1203 1201 1210
86 1188 1201 1217
87 1202 1201 1190
88 1195 1200 1214
89 1191 1199 1186
90 1190 1194 1191
91 1182 1198 1224
92 1208 1192 1201
93 1210 1189 1205
94 1190 1204 1193
95 1205 1191 1224
96 1206 1197 1207
97 1196 1219 1207
98 1186 1199 1202
99 1189 1203 1201
100 1196 1188 1215
101 1194 1201 1188
102 1183 1191 1196
103 1201 1209 1189
104 1185 1195 1199
105 1204 1219 1192
106 1203 1209 1201
107 1195 1186 1194
108 1177 1189 1179
109 1178 1194 1220
110 1180 1204 1219
111 1199 1208 1207
112 1182 1201 1192
113 1183 1197 1198
114 1190 1198 1214
115 1206 1197 1194
116 1170 1184 1174
117 1217 1187 1186
118 1192 1189 1196
119 1187 1205 1199
120 1175 1175 1176
121 1181 1186 1193
122 1180 1185 1213
123 1193 1196 1196
124 1181 1180 1185
125 1184 1190 1203
126 1192 1215 1185
127 1188 1210 1196
128 1193 1189 1198
129 1174 1199 1188
130 1174 1178 1189
131 1178 1203 1202
132 1189 1194 1193
133 1174 1187 1202
134 1200 1188 1227
135 1197 1181 1190
136 1199 1194 1199
137 1196 1191 1189
138 1188 1204 1188
139 1191 1183 1185
140 1190 1200 1186
141 1203 1191 1203
142 1177 1190 1181
143 1192 1175 1184
144 1181 1188 1187
145 1192 1197 1191
146 1180 1181 1187
147 1190 1190 1198
148 1192 1199 1193
149 1183 1194 1192
150 1177 1201 1207
151 1217 1189 1191
152 1189 1216 1195
153 1203 1202 1206
154 1190 1193 1187
155 1183 1179 1182
156 1180 1190 1190
157 1187 1196 1188
158 1187 1191 1192
159 1177 1176 1195
160 1192 1219 1202
161 1202 1194 1196
162 1194 1182 1179
163 1193 1194 1196
164 1191 1192 1201
165 1189 1216 1207
166 1182 1193 1185
167 1201 1202 1203
168 1192 1201 1208
169 1177 1183 1180
170 1196 1204 1197
171 1213 1208 1216
172 1190 1194 1184
173 1200 1194 1215
174 1205 1206 1203
175 1202 1207 1215
176 1195 1178 1178
177 1198 1200 1188
178 1186 1195 1204
179 1203 1206 1198
180 1185 1186 1185
181 1178 1200 1186
182 1194 1191 1202
183 1198 1200 1203
184 1190 1181 1190
185 1189 1195 1194
186 1186 1195 1228
187 1196 1198 1192
188 1180 1193 1189
189 1201 1209 1190
190 1208 1193 1209
191 1196 1191 1198
192 1181 1188 1215
193 1219 1195 1197
194 1194 1191 1193
195 1190 1195 1198
196 1190 1194 1202
197 1184 1200 1200
198 1193 1187 1215
199 1195 1226 1194
200 1194 1186 1184
201 1190 1206 1216
202 1191 1207 1180
203 1193 1192 1209
204 1198 1185 1188
205 1185 1184 1180
206 1201 1192 1193
207 1188 1189 1201
208 1179 1196 1199
209 1175 1182 1185
210 1180 1192 1196
211 1211 1211 1207
212 1183 1184 1213
213 1188 1186 1193
214 1195 1193 1237
215 1197 1211 1219
216 1203 1205 1201
217 1199 1194 1203
218 1192 1190 1198
219 1189 1192 1219
220 1197 1214 1188
221 1199 1217 1189
222 1193 1197 1189
223 1182 1187 1201
224 1194 1198 1189
225 1204 1191 1213
226 1183 1196 1190
227 1193 1196 1206
228 1211 1213 1205
229 1184 1210 1199
230 1187 1186 1209
231 1183 1218 1196
232 1177 1192 1194
233 1187 1199 1194
234 1209 1188 1201
235 1185 1197 1203
236 1191 1187 1179
237 1206 1199 1188
238 1206 1190 1195
239 1183 1212 1189
240 1195 1175 1202
241 1208 1201 1200
242 1201 1193 1193
243 1173 1210 1199
244 1193 1195 1189
245 1195 1200 1197
246 1194 1185 1203
247 1194 1189 1197
248 1191 1197 1196
249 1183 1178 1198
250 1196 1181 1194
251 1198 1187 1208
252 1183 1189 1185
253 1197 1188 1194
254 1197 1192 1193
255 1208 1207 1201
256 1169 1181 1181
257 1186 1201 1193
258 1182 1180 1182
259 1187 1196 1190
260 1189 1203 1195
261 1210 1188 1182
262 1191 1214 1199
263 1190 1184 1198
264 1204 1191 1208
265 1202 1189 1186
266 1181 1214 1196
267 1187 1199 1203
268 1186 1202 1198
269 1195 1199 1198
270 1198 1192 1189
271 1178 1193 1202
272 1209 1210 1213
273 1200 1179 1183
274 1180 1193 1200
275 1222 1206 1211
276 1217 1203 1197
277 1202 1203 1217
278 1183 1198 1202
279 1192 1178 1187
280 1200 1213 1199
281 1192 1192 1202
282 1208 1185 1199
283 1199 1201 1212
284 1198 1199 1218
285 1192 1211 1220
286 1216 1203 1196
287 1189 1207 1220
288 1185 1196 1198
289 1200 1203 1204
290 1189 1198 1192
291 1198 1201 1212
292 1177 1194 1189
293 1179 1217 1195
294 1198 1200 1199
295 1193 1194 1209
296 1203 1199 1190
297 1190 1204 1214
298 1194 1190 1196
299 1196 1189 1203
300 1193 1198 1201
301 1198 1192 1188
302 1205 1220 1205
303 1194 1221 1201
304 1194 1197 1190
305 1196 1202 1191
306 1195 1207 1198
307 1197 1194 1211
308 1184 1198 1203
309 1185 1201 1193
310 1194 1201 1214
311 1198 1188 1212
312 1187 1200 1192
313 1199 1195 1193
314 1182 1184 1185
315 1192 1205 1198
316 1220 1211 1204
317 1204 1190 1213
318 1190 1184 1196
319 1207 1196 1221
320 1188 1199 1209
321 1177 1191 1200
322 1202 1194 1201
323 1202 1207 1208
324 1193 1211 1205
325 1195 1195 1205
326 1198 1204 1212
327 1191 1214 1197
328 1181 1182 1201
329 1192 1197 1206
330 1194 1201 1213
331 1186 1207 1204
332 1201 1208 1195
333 1199 1210 1211
334 1199 1202 1211
335 1186 1218 1195
336 1200 1204 1200
337 1194 1212 1196
338 1204 1204 1209
339 1210 1204 1219
340 1191 1208 1206
341 1218 1223 1231
342 1185 1202 1204
343 1196 1207 1204
344 1207 1210 1212
345 1201 1204 1209
346 1226 1209 1208
347 1221 1206 1221
348 1197 1233 1237
349 1211 1217 1231
350 1211 1215 1226
351 1226 1218 1240
352 1218 1214 1219
353 1215 1229 1227
354 1220 1207 1236
355 1229 1236 1230
356 1214 1229 1233
357 1222 1244 1227
358 1227 1221 1222
359 1230 1246 1251
360 1228 1240 1233
361 1233 1224 1243
362 1233 1229 1250
363 1229 1252 1257
364 1215 1228 1227
365 1223 1225 1251
366 1231 1233 1236
367 1229 1237 1233
368 1237 1237 1233
369 1238 1227 1248
370 1232 1230 1227
371 1240 1235 1226
372 1231 1223 1235
373 1202 1218 1223
374 1231 1206 1229
375 1210 1204 1210
376 1203 1222 1228
377 1222 1216 1219
378 1200 1201 1216
379 1209 1225 1233
380 1205 1214 1204
381 1210 1217 1210
382 1201 1206 1217
383 1217 1218 1200
384 1195 1214 1214
385 1210 1214 1205
386 1190 1228 1213
387 1200 1202 1202
388 1220 1220 1220
389 1203 1218 1206
390 1197 1192 1212
391 1209 1203 1218
392 1201 1184 1208
393 1195 1199 1195
394 1197 1177 1188
395 1202 1196 1213
396 1189 1187 1191
397 1182 1201 1208
398 1179 1192 1195
399 1189 1193 1218
400 1187 1217 1200
401 1199 1206 1212
402 1186 1197 1199
403 1195 1185 1200
404 1187 1195 1203
405 1201 1193 1196
406 1192 1185 1201
407 1167 1184 1181
408 1183 1186 1199
409 1200 1197 1208
410 1163 1175 1226
411 1206 1185 1184
412 1189 1198 1204
413 1178 1184 1197
414 1185 1187 1191
415 1181 1191 1211
416 1195 1186 1194
417 1189 1193 1198
418 1171 1198 1193
419 1172 1183 1199
420 1187 1188 1197
421 1184 1208 1200
422 1178 1190 1198
423 1178 1190 1196
424 1179 1194 1187
425 1197 1190 1205
426 1189 1201 1216
427 1187 1196 1204
428 1185 1189 1198
429 1183 1190 1209
430 1209 1202 1219
431 1201 1193 1204
432 1177 1173 1202
433 1193 1206 1194
434 1198 1198 1212
435 1211 1202 1198
436 1202 1207 1191
437 1200 1194 1215
438 1188 1187 1220
439 1193 1196 1198
440 1194 1207 1215
441 1188 1198 1205
442 1196 1198 1197
443 1191 1196 1223
444 1177 1196 1200
445 1179 1189 1197
446 1185 1186 1211
447 1198 1194 1187
448 1173 1194 1187
449 1187 1182 1194
450 1185 1185 1206
451 1201 1194 1209
452 1166 1182 1188
453 1167 1184 1192
454 1175 1187 1202
455 1182 1192 1210
456 1183 1198 1195
457 1198 1197 1197
458 1191 1181 1202
459 1176 1173 1186
460 1171 1189 1220
461 1168 1177 1193
462 1203 1192 1193
463 1200 1209 1200
464 1182 1191 1195
465 1185 1189 1203
466 1175 1179 1195
467 1169 1185 1191
468 1182 1182 1183
469 1173 1188 1180
470 1180 1190 1196
471 1173 1187 1205
472 1178 1199 1206
473 1206 1195 1177
474 1162 1186 1198
475 1170 1183 1206
476 1183 1189 1196
477 1185 1198 1194
478 1182 1194 1184
479 1181 1195 1194
480 1178 1186 1180
481 1160 1172 1208
482 1180 1182 1195
483 1189 1180 1198
484 1176 1208 1194
485 1176 1175 1208
486 1182 1209 1212
487 1185 1208 1204
488 1167 1187 1192
489 1181 1193 1208
490 1172 1192 1208
491 1175 1184 1197
492 1182 1195 1192
493 1175 1200 1184
494 1170 1176 1191
495 1180 1191 1222
496 1188 1193 1191
497 1176 1188 1194
498 1193 1172 1174
499 1178 1175 1184
500 1174 1194 1184
501 1171 1191 1192
502 1179 1171 1171
503 1182 1176 1205
504 1179 1205 1196
505 1168 1195 1198
506 1173 1179 1192
507 1184 1208 1199
508 1194 1195 1193
509 1172 1196 1202
510 1165 1191 1196
511 1177 1175 1186
512 1186 1215 1218
513 1175 1182 1185
514 1176 1194 1183
515 1183 1189 1198
516 1178 1198 1192
517 1199 1190 1192
518 1179 1192 1189
519 1181 1177 1186
520 1188 1193 1187
521 1177 1198 1187
522 1168 1190 1191
523 1184 1192 1208
524 1184 1193 1195
525 1172 1182 1191
526 1190 1188 1193
527 1184 1204 1201
528 1185 1185 1181
529 1174 1204 1193
530 1182 1188 1195
531 1175 1195 1187
532 1167 1178 1194
533 1177 1190 1200
534 1190 1177 1203
535 1181 1193 1180
536 1168 1180 1180
537 1196 1197 1203
538 1187 1191 1197
539 1177 1211 1202
540 1181 1183 1183
541 1157 1178 1184
542 1178 1194 1198
543 1166 1181 1184
544 1182 1189 1181
545 1185 1182 1192
546 1191 1195 1196
547 1172 1181 1195
548 1186 1196 1213
549 1176 1191 1192
550 1179 1182 1197
551 1183 1185 1208
552 1192 1187 1181
553 1173 1174 1188
554 1184 1184 1185
555 1179 1194 1230
556 1168 1182 1193
557 1166 1181 1195
558 1176 1196 1214
559 1183 1187 1202
560 1180 1184 1192
561 1180 1194 1203
562 1189 1184 1206
563 1173 1189 1203
564 1174 1182 1184
565 1172 1194 1194
566 1178 1172 1195
567 1183 1195 1202
568 1192 1180 1208
569 1172 1196 1188
570 1172 1183 1200
571 1201 1188 1204
572 1168 1186 1198
573 1186 1180 1179
574 1184 1186 1187
575 1177 1203 1195
576 1168 1178 1186
577 1204 1188 1187
578 1168 1180 1202
579 1177 1184 1199
580 1179 1190 1201
581 1177 1177 1191
582 1179 1182 1177
583 1182 1177 1181
584 1176 1187 1189
585 1170 1181 1189
586 1174 1174 1182
587 1177 1179 1179
588 1171 1193 1192
589 1188 1188 1201
590 1173 1168 1187
591 1177 1191 1200
592 1180 1195 1192
593 1182 1189 1180
594 1195 1198 1192
595 1171 1193 1196
596 1173 1165 1198
597 1158 1184 1187
598 1171 1187 1191
599 1170 1191 1203
600 1183 1183 1182
601 1187 1195 1194
602 1166 1181 1192
603 1192 1195 1207
604 1170 1195 1205
605 1179 1182 1210
606 1197 1192 1206
607 1195 1176 1197
608 1187 1212 1205
609 1184 1187 1200
610 1189 1187 1189
611 1173 1185 1194
612 1192 1192 1189
613 1176 1189 1208
614 1175 1187 1202
615 1178 1197 1191
616 1192 1191 1202
617 1190 1188 1200
618 1172 1190 1211
619 1171 1192 1193
620 1166 1183 1198
621 1177 1215 1199
622 1161 1186 1192
623 1188 1182 1205
624 1162 1187 1190
625 1178 1196 1203
626 1177 1205 1186
627 1178 1189 1189
628 1173 1197 1186
629 1174 1185 1180
630 1198 1188 1188
631 1198 1199 1197
632 1186 1210 1215
633 1196 1192 1210
634 1180 1177 1199
635 1179 1181 1205
636 1185 1192 1196
637 1191 1187 1186
638 1178 1189 1195
639 1170 1200 1208
640 1196 1191 1200
641 1190 1196 1207
642 1187 1177 1199
643 1187 1187 1202
644 1161 1177 1187
645 1161 1175 1193
646 1187 1215 1203
647 1198 1207 1218
648 1176 1167 1178
649 1183 1182 1190
650 1171 1173 1206
651 1169 1196 1198
652 1178 1189 1192
653 1177 1185 1182
654 1180 1204 1192
655 1187 1191 1197
656 1176 1201 1195
657 1173 1185 1193
658 1195 1203 1198
659 1189 1184 1202
660 1175 1204 1194
661 1173 1196 1208
662 1180 1198 1194
663 1180 1190 1204
664 1186 1186 1196
665 1176 1197 1189
666 1173 1193 1198
667 1171 1191 1194
668 1176 1209 1200
669 1185 1187 1192
670 1176 1180 1199
671 1176 1198 1205
672 1184 1200 1206
673 1173 1195 1200
674 1185 1208 1219
675 1196 1194 1203
676 1179 1189 1206
677 1163 1188 1209
678 1178 1197 1210
679 1189 1193 1202
680 1164 1205 1189
681 1179 1204 1192
682 1175 1201 1198
683 1176 1196 1212
684 1175 1186 1182
685 1174 1192 1206
686 1199 1186 1198
687 1173 1198 1212
688 1188 1193 1199
689 1171 1178 1183
690 1177 1205 1208
691 1187 1187 1199
692 1186 1203 1218
693 1183 1200 1186
694 1186 1196 1206
695 1186 1188 1195
696 1166 1181 1189
697 1183 1199 1192
698 1174 1184 1202
699 1167 1187 1220
700 1174 1189 1202
701 1183 1181 1201
702 1183 1209 1213
703 1180 1198 1199
704 1181 1194 1191
705 1197 1209 1205
706 1190 1196 1192
707 1185 1193 1211
708 1202 1203 1207
709 1204 1205 1201
710 1178 1187 1204
711 1175 1210 1229
712 1186 1188 1209
713 1177 1207 1200
714 1183 1202 1194
715 1187 1208 1216
716 1184 1190 1207
717 1192 1186 1201
718 1177 1200 1200
719 1185 1192 1200
720 1171 1193 1211
721 1176 1186 1197
722 1196 1216 1213
723 1195 1198 1209
724 1190 1195 1203
725 1177 1196 1206
726 1183 1211 1218
727 1199 1224 1203
728 1176 1190 1203
729 1209 1198 1214
730 1191 1220 1222
731 1196 1204 1222
732 1187 1204 1218
733 1166 1211 1225
734 1209 1201 1213
735 1199 1207 1219
736 1212 1205 1221
737 1186 1215 1218
738 1186 1219 1217
739 1173 1196 1220
740 1211 1200 1217
741 1191 1212 1220
742 1191 1204 1218
743 1194 1214 1225
744 1197 1206 1220
745 1205 1218 1215
746 1184 1224 1213
747 1208 1225 1214
748 1188 1213 1216
749 1184 1207 1215
750 1188 1206 1205
751 1195 1217 1216
752 1182 1195 1210
753 1187 1196 1197
754 1189 1202 1199
755 1177 1200 1219
756 1202 1200 1198
757 1185 1202 1202
758 1175 1204 1216
759 1178 1196 1210
760 1182 1211 1213
761 1190 1228 1199
762 1174 1186 1213
763 1198 1194 1207
764 1175 1194 1188
765 1185 1188 1213
766 1178 1190 1201
767 1184 1196 1213
768 1187 1192 1205
769 1178 1190 1212
770 1179 1199 1214
771 1187 1192 1223
772 1177 1204 1213
773 1170 1193 1212
774 1195 1193 1224
775 1192 1204 1202
776 1185 1202 1219
777 1181 1196 1215
778 1186 1197 1205
779 1186 1197 1213
780 1170 1203 1205
781 1193 1198 1218
782 1178 1199 1204
783 1197 1198 1216
784 1166 1196 1215
785 1181 1195 1203
786 1176 1199 1205
787 1178 1199 1199
788 1173 1195 1208
789 1171 1206 1213
790 1167 1202 1194
791 1173 1216 1238
792 1199 1205 1219
793 1182 1207 1208
794 1176 1207 1217
795 1178 1219 1194
796 1186 1210 1202
797 1166 1204 1211
798 1185 1197 1220
799 1177 1207 1208
800 1176 1192 1206
801 1184 1198 1218
802 1180 1201 1192
803 1164 1219 1209
804 1177 1190 1222
805 1186 1206 1209
806 1176 1185 1198
807 1188 1200 1218
808 1169 1223 1212
809 1180 1189 1205
810 1189 1206 1204
811 1180 1199 1215
812 1175 1196 1205
813 1183 1215 1205
814 1181 1205 1212
815 1176 1199 1212
816 1174 1221 1226
817 1192 1197 1229
818 1170 1197 1221
819 1179 1208 1233
820 1225 1200 1212
821 1179 1209 1213
822 1194 1208 1212
823 1180 1214 1213
824 1185 1205 1202
825 1213 1202 1219
826 1186 1200 1205
827 1191 1211 1196
828 1182 1200 1213
829 1165 1213 1212
830 1196 1199 1212
831 1169 1195 1208
832 1191 1202 1203
833 1178 1192 1228
834 1183 1193 1209
835 1177 1191 1211
836 1181 1203 1219
837 1193 1212 1224
838 1183 1200 1213
839 1187 1198 1218
840 1169 1203 1203
841 1179 1201 1206
842 1167 1182 1212
843 1193 1202 1196
844 1187 1204 1216
845 1200 1211 1208
846 1185 1217 1207
847 1174 1209 1212
848 1182 1209 1214
849 1183 1210 1221
850 1183 1212 1210
851 1186 1203 1213
852 1197 1210 1217
853 1162 1212 1206
854 1174 1199 1231
855 1188 1215 1228
856 1195 1206 1215
857 1209 1211 1208
858 1190 1204 1223
859 1192 1218 1214
860 1189 1192 1207
861 1173 1212 1211
862 1202 1195 1230
863 1174 1230 1229
864 1187 1219 1227
865 1192 1194 1222
866 1172 1204 1201
867 1197 1218 1244
868 1195 1230 1228
869 1187 1205 1212
870 1186 1201 1213
871 1177 1205 1211
872 1196 1217 1214
873 1184 1206 1209
874 1182 1218 1232
875 1192 1203 1238
876 1196 1205 1216
877 1169 1188 1209
878 1178 1204 1219
879 1190 1197 1209
880 1179 1196 1218
881 1184 1200 1213
882 1190 1188 1191
883 1190 1214 1230
884 1192 1194 1213
885 1173 1194 1216
886 1175 1191 1216
887 1191 1210 1207
888 1185 1210 1212
889 1178 1200 1216
890 1173 1193 1215
891 1178 1206 1210
892 1199 1219 1214
893 1182 1202 1206
894 1181 1201 1207
895 1183 1204 1205
896 1196 1222 1233
897 1202 1211 1216
898 1193 1200 1225
899 1180 1214 1223
900 1190 1206 1215
901 1178 1205 1214
902 1172 1203 1207
903 1180 1214 1225
904 1186 1210 1214
905 1173 1203 1209
906 1191 1212 1246
907 1186 1204 1219
908 1204 1205 1215
909 1180 1202 1216
910 1184 1210 1216
911 1187 1206 1216
912 1203 1227 1218
913 1183 1216 1252
914 1184 1200 1226
915 1185 1205 1218
916 1189 1222 1215
917 1193 1200 1226
918 1181 1203 1216
919 1185 1210 1226
920 1198 1220 1216
921 1189 1217 1222
922 1166 1200 1208
923 1173 1216 1228
924 1178 1212 1225
925 1189 1227 1246
926 1171 1204 1216
927 1184 1221 1219
928 1172 1199 1210
929 1190 1220 1239
930 1191 1211 1232
931 1187 1226 1230
932 1178 1213 1209
933 1185 1224 1242
934 1198 1209 1222
935 1201 1216 1232
936 1163 1194 1220
937 1180 1203 1222
938 1192 1223 1218
939 1185 1229 1221
940 1194 1226 1226
941 1177 1208 1215
942 1208 1216 1212
943 1192 1225 1233
944 1194 1214 1228
945 1186 1215 1218
946 1192 1212 1225
947 1206 1222 1236
948 1193 1214 1244
949 1184 1210 1223
950 1192 1207 1221
951 1188 1216 1224
952 1183 1206 1242
953 1183 1235 1251
954 1190 1219 1214
955 1193 1227 1219
956 1182 1223 1244
957 1187 1225 1229
958 1194 1226 1231
959 1196 1218 1238
960 1207 1217 1222
961 1188 1218 1206
962 1193 1222 1228
963 1189 1231 1247
964 1194 1213 1220
965 1185 1225 1234
966 1222 1218 1223
967 1203 1221 1228
968 1190 1224 1270
969 1201 1227 1229
970 1193 1222 1218
971 1182 1220 1233
972 1191 1240 1234
973 1200 1223 1225
974 1195 1247 1234
975 1182 1217 1227
976 1191 1227 1230
977 1205 1227 1240
978 1195 1216 1221
979 1190 1223 1240
980 1203 1219 1230
981 1186 1217 1230
982 1188 1218 1234
983 1187 1216 1239
984 1184 1211 1230
985 1180 1215 1233
986 1191 1213 1235
987 1193 1231 1246
988 1195 1213 1234
989 1175 1209 1235
990 1186 1212 1238
991 1194 1213 1226
992 1203 1235 1234
993 1226 1224 1221
994 1180 1218 1235
995 1187 1225 1227
996 1198 1231 1236
997 1193 1223 1240
998 1200 1214 1223
999 1198 1221 1229
1000 1195 1230 1246
1001 1196 1222 1242
1002 1198 1227 1238
1003 1203 1233 1246
1004 1193 1234 1219
1005 1190 1248 1233
1006 1189 1232 1238
1007 1192 1206 1236
1008 1210 1223 1243
1009 1201 1235 1247
1010 1213 1238 1229
1011 1192 1217 1239
1012 1192 1219 1231
1013 1191 1222 1239
1014 1186 1229 1222
1015 1192 1225 1237
1016 1182 1225 1223
1017 1211 1219 1262
1018 1200 1217 1236
1019 1182 1226 1244
1020 1201 1227 1236
1021 1194 1214 1245
1022 1186 1219 1233
1023 1177 1227 1248
1024 1205 1216 1225
1025 1207 1222 1228
1026 1178 1242 1236
1027 1197 1233 1251
1028 1193 1242 1237
1029 1195 1224 1237
1030 1181 1229 1233
1031 1195 1236 1239
1032 1178 1216 1221
1033 1204 1234 1221
1034 1194 1221 1247
1035 1197 1230 1247
1036 1184 1219 1232
1037 1197 1235 1245
1038 1214 1218 1235
1039 1198 1229 1238
1040 1193 1232 1240
1041 1200 1246 1245
1042 1216 1227 1238
1043 1196 1230 1226
1044 1195 1216 1240
1045 1220 1252 1239
1046 1207 1227 1257
1047 1203 1225 1239
1048 1189 1212 1233
1049 1196 1234 1228
1050 1183 1223 1259
1051 1201 1221 1245
1052 1204 1217 1233
1053 1199 1211 1230
1054 1196 1223 1238
1055 1198 1223 1234
1056 1199 1218 1240
1057 1200 1225 1230
1058 1180 1230 1234
1059 1187 1226 1239
1060 1199 1223 1231
1061 1191 1229 1237
1062 1193 1219 1224
1063 1191 1226 1229
1064 1203 1220 1238
1065 1199 1246 1237
1066 1201 1213 1221
1067 1198 1207 1219
1068 1193 1212 1238
1069 1193 1232 1234
1070 1178 1241 1237
1071 1201 1226 1260
1072 1189 1228 1241
1073 1198 1229 1244
1074 1196 1226 1235
1075 1198 1225 1232
1076 1194 1219 1226
1077 1177 1211 1230
1078 1197 1238 1247
1079 1208 1241 1253
1080 1181 1216 1243
1081 1203 1226 1246
1082 1187 1230 1231
1083 1208 1244 1270
1084 1189 1227 1239
1085 1201 1220 1234
1086 1198 1227 1237
1087 1192 1227 1240
1088 1203 1242 1244
1089 1200 1233 1244
1090 1191 1246 1251
1091 1189 1248 1256
1092 1195 1240 1265
1093 1226 1233 1246
1094 1183 1238 1235
1095 1195 1220 1249
1096 1196 1228 1240
1097 1190 1244 1241
1098 1191 1219 1240
1099 1200 1228 1239
1100 1191 1231 1263
1101 1192 1238 1264
1102 1197 1231 1238
1103 1191 1240 1248
1104 1188 1218 1245
1105 1202 1232 1237
1106 1183 1216 1231
1107 1193 1227 1244
1108 1205 1236 1247
1109 1195 1229 1234
1110 1191 1231 1232
1111 1202 1248 1247
1112 1185 1227 1247
1113 1194 1231 1243
1114 1205 1235 1239
1115 1191 1221 1256
1116 1189 1234 1247
1117 1186 1237 1262
1118 1205 1242 1254
1119 1197 1244 1246
1120 1178 1243 1260
1121 1193 1230 1237
1122 1193 1250 1245
1123 1188 1236 1234
1124 1195 1242 1254
1125 1206 1248 1236
1126 1175 1226 1250
1127 1209 1238 1248
1128 1205 1250 1249
1129 1208 1243 1257
1130 1208 1249 1260
1131 1184 1229 1243
1132 1197 1237 1259
1133 1190 1220 1261
1134 1203 1254 1249
1135 1200 1240 1241
1136 1191 1234 1249
1137 1189 1245 1264
1138 1197 1234 1250
1139 1203 1234 1250
1140 1205 1236 1248
1141 1192 1241 1258
1142 1209 1226 1258
1143 1198 1233 1243
1144 1194 1217 1238
1145 1185 1237 1245
1146 1193 1258 1267
1147 1208 1231 1250
1148 1187 1240 1255
1149 1192 1247 1246
1150 1180 1237 1265
1151 1217 1253 1278
1152 1203 1242 1235
1153 1196 1249 1254
1154 1185 1237 1238
1155 1222 1241 1257
1156 1216 1244 1253
1157 1196 1234 1262
1158 1185 1231 1260
1159 1235 1266 1264
1160 1197 1238 1249
1161 1189 1230 1267
1162 1189 1228 1269
1163 1194 1242 1253
1164 1200 1256 1251
1165 1183 1235 1250
1166 1194 1250 1257
1167 1202 1246 1257
1168 1204 1227 1244
1169 1192 1232 1242
1170 1201 1239 1264
1171 1193 1237 1247
1172 1198 1252 1264
1173 1191 1244 1255
1174 1199 1262 1269
1175 1210 1246 1253
1176 1201 1252 1251
1177 1195 1232 1258
1178 1197 1241 1253
1179 1191 1247 1247
1180 1200 1249 1272
1181 1185 1243 1256
1182 1201 1253 1256
1183 1187 1227 1267
1184 1202 1240 1259
1185 1206 1251 1255
1186 1188 1240 1250
1187 1180 1239 1260
1188 1203 1251 1259
1189 1194 1244 1272
1190 1186 1252 1266
1191 1200 1254 1247
1192 1211 1263 1268
1193 1196 1238 1250
1194 1218 1263 1260
1195 1191 1219 1253
1196 1195 1242 1266
1197 1201 1265 1269
1198 1195 1261 1261
1199 1209 1253 1266
1200 1192 1249 1267
1201 1213 1258 1262
1202 1182 1226 1257
1203 1190 1237 1286
1204 1193 1241 1260
1205 1196 1272 1285
1206 1197 1253 1281
1207 1206 1242 1260
1208 1186 1235 1258
1209 1194 1239 1245
1210 1186 1241 1260
1211 1202 1261 1259
1212 1210 1254 1251
1213 1182 1231 1257
1214 1183 1237 1247
1215 1197 1237 1267
1216 1199 1247 1255
1217 1209 1249 1268
1218 1192 1229 1264
1219 1193 1234 1251
1220 1194 1245 1295
1221 1205 1256 1287
1222 1181 1246 1253
1223 1197 1255 1263
1224 1192 1250 1266
1225 1203 1250 1255
1226 1186 1234 1248
1227 1190 1231 1277
1228 1186 1233 1249
1229 1196 1254 1250
1230 1211 1241 1248
1231 1192 1249 1263
1232 1209 1258 1278
1233 1191 1243 1263
1234 1194 1245 1274
1235 1190 1243 1261
1236 1207 1257 1274
1237 1184 1269 1261
1238 1177 1230 1259
1239 1209 1249 1260
1240 1195 1266 1258
1241 1193 1247 1272
1242 1205 1251 1256
1243 1212 1255 1274
1244 1194 1250 1248
1245 1205 1274 1272
1246 1203 1250 1266
1247 1207 1253 1274
1248 1190 1254 1270
1249 1198 1257 1258
1250 1187 1250 1273
1251 1183 1235 1295
1252 1187 1249 1268
1253 1197 1244 1254
1254 1187 1242 1258
1255 1216 1270 1271
1256 1200 1261 1278
1257 1205 1238 1259
1258 1202 1248 1268
1259 1198 1265 1282
1260 1206 1270 1265
1261 1199 1248 1262
1262 1180 1250 1292
1263 1233 1249 1266
1264 1195 1247 1279
1265 1204 1261 1260
1266 1208 1251 1263
1267 1183 1252 1267
1268 1188 1232 1267
1269 1221 1263 1271
1270 1193 1255 1261
1271 1194 1244 1274
1272 1199 1241 1265
1273 1194 1256 1277
1274 1195 1240 1265
1275 1202 1243 1272
1276 1201 1272 1273
1277 1197 1254 1276
1278 1197 1253 1279
1279 1196 1233 1271
1280 1192 1240 1275
1281 1210 1266 1280
1282 1195 1251 1275
1283 1180 1259 1276
1284 1202 1270 1284
1285 1192 1272 1285
1286 1206 1250 1260
1287 1188 1244 1271
1288 1204 1258 1268
1289 1201 1256 1261
1290 1210 1256 1266
1291 1173 1250 1274
1292 1196 1251 1269
1293 1186 1245 1261
1294 1200 1262 1271
1295 1200 1247 1253
1296 1172 1248 1287
1297 1194 1247 1268
1298 1186 1256 1283
1299 1188 1236 1258
1300 1194 1264 1272
1301 1198 1254 1282
1302 1198 1264 1272
1303 1207 1258 1262
1304 1198 1263 1293
1305 1206 1252 1271
1306 1197 1259 1268
1307 1182 1239 1281
1308 1184 1257 1272
1309 1189 1254 1283
1310 1198 1244 1283
1311 1183 1249 1296
1312 1195 1250 1274
1313 1198 1262 1295
1314 1197 1247 1266
1315 1201 1272 1275
1316 1190 1266 1260
1317 1227 1258 1289
1318 1193 1263 1272
1319 1206 1253 1282
1320 1197 1249 1280
1321 1198 1251 1265
1322 1207 1248 1274
1323 1191 1272 1292
1324 1209 1260 1261
1325 1207 1269 1274
1326 1205 1255 1271
1327 1202 1263 1292
1328 1192 1269 1282
1329 1203 1245 1259
1330 1195 1253 1275
1331 1205 1253 1304
1332 1186 1267 1268
1333 1192 1252 1280
1334 1209 1249 1276
1335 1223 1254 1273
1336 1209 1262 1270
1337 1232 1274 1276
1338 1211 1250 1281
1339 1200 1268 1294
1340 1206 1259 1293
1341 1208 1262 1269
1342 1190 1250 1281
1343 1194 1262 1280
1344 1187 1245 1273
1345 1192 1264 1263
1346 1193 1258 1272
1347 1202 1255 1299
1348 1196 1246 1283
1349 1208 1248 1277
1350 1189 1251 1256
1351 1193 1268 1280
1352 1182 1257 1270
1353 1194 1257 1269
1354 1190 1255 1276
1355 1203 1268 1286
1356 1197 1258 1284
1357 1209 1264 1280
1358 1198 1260 1270
1359 1199 1256 1273
1360 1204 1258 1299
1361 1203 1276 1285
1362 1205 1254 1282
1363 1184 1250 1272
1364 1197 1248 1299
1365 1197 1267 1270
1366 1215 1253 1274
1367 1183 1270 1288
1368 1184 1247 1285
1369 1200 1252 1280
1370 1201 1263 1289
1371 1196 1259 1284
1372 1177 1251 1276
1373 1191 1254 1293
1374 1192 1275 1281
1375 1194 1245 1281
1376 1204 1266 1290
1377 1217 1261 1281
1378 1197 1268 1285
1379 1189 1259 1261
1380 1198 1269 1269
1381 1185 1268 1282
1382 1199 1274 1293
1383 1180 1266 1282
1384 1204 1268 1277
1385 1198 1251 1282
1386 1218 1265 1290
1387 1197 1275 1290
1388 1200 1292 1288
1389 1199 1261 1280
1390 1197 1261 1279
1391 1198 1264 1287
1392 1195 1271 1287
1393 1197 1257 1257
1394 1199 1264 1276
1395 1199 1269 1282
1396 1195 1253 1273
1397 1215 1271 1317
1398 1186 1250 1290
1399 1197 1272 1287
1400 1195 1251 1287
1401 1207 1248 1271
1402 1207 1265 1292
1403 1193 1267 1273
1404 1214 1280 1287
1405 1208 1269 1275
1406 1196 1254 1280
1407 1192 1258 1269
1408 1207 1266 1304
1409 1186 1262 1281
1410 1199 1272 1299
1411 1190 1254 1291
1412 1191 1259 1274
1413 1200 1284 1285
1414 1193 1277 1294
1415 1207 1260 1283
1416 1207 1287 1288
1417 1198 1272 1291
1418 1200 1267 1283
1419 1190 1270 1289
1420 1197 1266 1271
1421 1203 1266 1270
1422 1203 1259 1279
1423 1202 1267 1283
1424 1198 1265 1295
1425 1200 1263 1272
1426 1196 1269 1292
1427 1211 1270 1284
1428 1196 1257 1307
1429 1189 1265 1271
1430 1190 1271 1277
1431 1189 1258 1284
1432 1213 1266 1295
1433 1198 1259 1281
1434 1186 1253 1285
1435 1196 1270 1317
1436 1210 1263 1277
1437 1207 1270 1301
1438 1206 1265 1268
1439 1211 1279 1280
1440 1223 1273 1287
1441 1214 1267 1294
1442 1196 1278 1289
1443 1189 1253 1280
1444 1198 1276 1277
1445 1205 1271 1295
1446 1187 1282 1300
1447 1201 1264 1277
1448 1197 1264 1288
1449 1215 1271 1289
1450 1188 1270 1294
1451 1214 1275 1322
1452 1191 1263 1282
1453 1190 1260 1305
1454 1198 1275 1291
1455 1194 1293 1327
1456 1196 1279 1296
1457 1195 1272 1293
1458 1170 1252 1281
1459 1191 1283 1279
1460 1194 1282 1292
1461 1204 1277 1275
1462 1220 1285 1313
1463 1200 1272 1293
1464 1213 1274 1307
1465 1205 1277 1292
1466 1189 1263 1280
1467 1199 1271 1302
1468 1190 1254 1287
1469 1205 1267 1292
1470 1206 1272 1280
1471 1179 1254 1292
1472 1216 1277 1294
1473 1219 1295 1297
1474 1201 1273 1291
1475 1200 1270 1305
1476 1205 1279 1299
1477 1189 1264 1287
1478 1195 1277 1306
1479 1202 1273 1283
1480 1212 1273 1319
1481 1199 1280 1301
1482 1197 1271 1294
1483 1211 1280 1306
1484 1214 1246 1276
1485 1215 1265 1285
1486 1202 1273 1297
1487 1202 1278 1296
1488 1192 1282 1297
1489 1195 1289 1293
1490 1200 1267 1278
1491 1213 1275 1281
1492 1192 1275 1298
1493 1212 1286 1292
1494 1196 1273 1302
1495 1202 1276 1307
1496 1201 1276 1289
1497 1186 1260 1295
1498 1194 1268 1285
1499 1201 1274 1299
1500 1191 1268 1301
1501 1188 1273 1289
1502 1214 1270 1285
1503 1202 1291 1319
1504 1190 1271 1304
1505 1210 1288 1297
1506 1215 1284 1314
1507 1212 1290 1318
1508 1204 1287 1305
1509 1198 1273 1294
1510 1197 1272 1297
1511 1203 1277 1290
1512 1212 1282 1317
1513 1209 1279 1309
1514 1220 1280 1304
1515 1195 1281 1307
1516 1196 1279 1335
1517 1208 1293 1314
1518 1189 1306 1300
1519 1223 1279 1292
1520 1199 1295 1307
1521 1204 1315 1304
1522 1198 1288 1301
1523 1219 1288 1300
1524 1209 1287 1296
1525 1208 1298 1302
1526 1197 1285 1302
1527 1211 1294 1320
1528 1197 1294 1304
1529 1212 1292 1313
1530 1208 1293 1295
1531 1221 1289 1299
1532 1208 1281 1315
1533 1211 1290 1316
1534 1189 1277 1303
1535 1202 1290 1301
1536 1207 1283 1296
1537 1199 1273 1297
1538 1214 1283 1307
1539 1207 1296 1310
1540 1198 1306 1300
1541 1202 1295 1311
1542 1192 1287 1289
1543 1209 1302 1302
1544 1220 1298 1339
1545 1207 1286 1310
1546 1200 1297 1302
1547 1220 1305 1318
1548 1220 1302 1321
1549 1215 1299 1311
1550 1210 1289 1321
1551 1192 1291 1336
1552 1215 1294 1318
1553 1202 1288 1306
1554 1200 1272 1299
1555 1194 1292 1306
1556 1192 1283 1291
1557 1187 1295 1305
1558 1221 1276 1314
1559 1210 1298 1320
1560 1205 1299 1323
1561 1205 1322 1325
1562 1196 1286 1287
1563 1210 1288 1297
1564 1198 1310 1308
1565 1214 1282 1326
1566 1206 1296 1307
1567 1215 1295 1324
1568 1227 1302 1317
1569 1209 1297 1322
1570 1207 1302 1301
1571 1203 1305 1316
1572 1191 1305 1353
1573 1197 1299 1325
1574 1217 1306 1337
1575 1204 1300 1316
1576 1199 1311 1305
1577 1190 1289 1320
1578 1205 1311 1337
1579 1199 1292 1314
1580 1214 1295 1322
1581 1205 1316 1319
1582 1197 1308 1317
1583 1198 1301 1312
1584 1215 1298 1327
1585 1201 1311 1338
1586 1190 1294 1310
1587 1200 1303 1311
1588 1199 1305 1305
1589 1207 1297 1322
1590 1203 1321 1336
1591 1226 1302 1311
1592 1196 1324 1322
1593 1203 1286 1314
1594 1219 1302 1325
1595 1192 1317 1317
1596 1210 1307 1349
1597 1211 1304 1366
1598 1216 1287 1321
1599 1204 1321 1338
1600 1197 1301 1320
1601 1220 1307 1329
1602 1199 1293 1337
1603 1220 1309 1316
1604 1203 1287 1324
1605 1204 1305 1319
1606 1201 1299 1321
1607 1211 1301 1329
1608 1204 1320 1329
1609 1202 1330 1325
1610 1200 1296 1333
1611 1205 1312 1325
1612 1197 1301 1332
1613 1204 1332 1337
1614 1214 1313 1351
1615 1204 1301 1317
1616 1236 1330 1339
1617 1210 1297 1330
1618 1206 1336 1335
1619 1208 1315 1362
1620 1201 1328 1333
1621 1210 1324 1328
1622 1214 1320 1335
1623 1201 1306 1325
1624 1205 1312 1333
1625 1210 1316 1318
1626 1204 1337 1326
1627 1198 1310 1346
1628 1209 1318 1337
1629 1205 1305 1327
1630 1219 1313 1360
1631 1228 1301 1324
1632 1202 1323 1345
1633 1190 1317 1336
1634 1200 1301 1345
1635 1206 1328 1355
1636 1215 1322 1341
1637 1195 1321 1334
1638 1199 1321 1342
1639 1211 1315 1328
1640 1209 1322 1338
1641 1208 1316 1352
1642 1198 1335 1322
1643 1212 1334 1343
1644 1203 1314 1323
1645 1209 1320 1347
1646 1205 1328 1332
1647 1212 1332 1344
1648 1197 1324 1317
1649 1228 1322 1348
1650 1221 1329 1332
1651 1205 1325 1339
1652 1197 1345 1342
1653 1213 1322 1332
1654 1210 1335 1353
1655 1210 1330 1331
1656 1202 1335 1345
1657 1204 1325 1335
1658 1229 1341 1333
1659 1203 1345 1334
1660 1193 1337 1316
1661 1200 1319 1343
1662 1203 1314 1337
1663 1209 1339 1334
1664 1209 1317 1353
1665 1214 1313 1334
1666 1201 1345 1348
1667 1204 1333 1357
1668 1195 1343 1375
1669 1220 1333 1346
1670 1199 1340 1352
1671 1226 1334 1338
1672 1193 1338 1363
1673 1216 1332 1341
1674 1217 1351 1330
1675 1200 1340 1349
1676 1226 1330 1336
1677 1221 1326 1358
1678 1212 1342 1346
1679 1202 1348 1346
1680 1222 1343 1358
1681 1225 1336 1371
1682 1221 1344 1352
1683 1206 1326 1347
1684 1223 1347 1366
1685 1217 1355 1363
1686 1238 1352 1355
1687 1219 1351 1345
1688 1211 1345 1354
1689 1217 1355 1348
1690 1214 1347 1355
1691 1216 1347 1337
1692 1213 1364 1356
1693 1224 1339 1330
1694 1204 1332 1372
1695 1231 1367 1377
1696 1213 1344 1360
1697 1212 1371 1342
1698 1221 1345 1358
1699 1210 1344 1347
1700 1212 1351 1356
1701 1216 1362 1392
1702 1207 1351 1352
1703 1202 1358 1384
1704 1245 1349 1378
1705 1214 1372 1364
1706 1209 1355 1371
1707 1213 1367 1383
1708 1201 1371 1368
1709 1207 1352 1367
1710 1227 1368 1359
1711 1215 1357 1371
1712 1217 1359 1381
1713 1204 1377 1357
1714 1206 1373 1386
1715 1221 1372 1375
1716 1229 1353 1381
1717 1208 1379 1376
1718 1227 1363 1384
1719 1246 1371 1380
1720 1210 1367 1387
1721 1220 1356 1382
1722 1213 1369 1362
1723 1215 1373 1408
1724 1224 1370 1357
1725 1231 1376 1407
1726 1239 1358 1371
1727 1246 1375 1380
1728 1223 1377 1382
1729 1206 1366 1407
1730 1211 1388 1374
1731 1227 1376 1383
1732 1205 1401 1370
1733 1239 1388 1388
1734 1222 1372 1392
1735 1232 1382 1357
1736 1197 1368 1374
1737 1226 1406 1373
1738 1199 1394 1380
1739 1217 1393 1406
1740 1204 1384 1377
1741 1215 1395 1386
1742 1208 1386 1396
1743 1222 1391 1405
1744 1215 1382 1365
1745 1216 1386 1390
1746 1234 1379 1404
1747 1211 1398 1389
1748 1237 1430 1414
1749 1219 1397 1398
1750 1217 1391 1375
1751 1228 1397 1387
1752 1231 1439 1429
1753 1218 1411 1392
1754 1215 1414 1384
1755 1224 1397 1388
1756 1235 1430 1407
1757 1215 1391 1379
1758 1232 1386 1400
1759 1227 1407 1401
1760 1222 1389 1404
1761 1230 1447 1417
1762 1213 1393 1399
1763 1217 1443 1391
1764 1223 1395 1411
1765 1221 1441 1390
1766 1225 1431 1384
1767 1203 1426 1403
1768 1224 1453 1420
1769 1221 1418 1414
1770 1222 1411 1409
1771 1201 1418 1410
1772 1214 1449 1398
1773 1219 1422 1404
1774 1224 1440 1412
1775 1225 1439 1400
1776 1231 1434 1421
1777 1210 1437 1407
1778 1220 1424 1441
1779 1230 1443 1403
1780 1217 1420 1405
1781 1231 1423 1421
1782 1218 1451 1407
1783 1219 1438 1423
1784 1222 1444 1415
1785 1229 1423 1416
1786 1229 1418 1415
1787 1245 1438 1418
1788 1223 1452 1432
1789 1228 1447 1415
1790 1214 1431 1427
1791 1229 1443 1440
1792 1226 1419 1406
1793 1215 1439 1411
1794 1230 1471 1443
1795 1230 1475 1437
1796 1231 1433 1399
1797 1229 1463 1446
1798 1255 1468 1451
1799 1222 1499 1430
1800 1218 1461 1444
1801 1245 1431 1453
1802 1223 1448 1419
1803 1228 1467 1413
1804 1224 1456 1429
1805 1219 1466 1435
1806 1221 1463 1437
1807 1232 1487 1483
1808 1231 1459 1437
1809 1237 1463 1421
1810 1238 1501 1434
1811 1229 1484 1474
1812 1223 1474 1436
1813 1228 1452 1433
1814 1228 1511 1442
1815 1223 1500 1442
1816 1243 1528 1457
1817 1248 1478 1435
1818 1228 1433 1436
1819 1230 1461 1452
1820 1229 1518 1433
1821 1223 1488 1465
1822 1225 1481 1412
1823 1239 1482 1443
1824 1236 1463 1442
1825 1245 1471 1441
1826 1224 1471 1446
1827 1224 1482 1434
1828 1248 1489 1457
1829 1237 1464 1453
1830 1245 1482 1445
1831 1219 1492 1464
1832 1242 1483 1472
1833 1256 1514 1451
1834 1212 1522 1470
1835 1222 1501 1476
1836 1244 1483 1459
1837 1235 1517 1458
1838 1221 1490 1434
1839 1250 1529 1456
1840 1233 1470 1436
1841 1236 1518 1454
1842 1235 1493 1452
1843 1227 1493 1452
1844 1228 1497 1459
1845 1238 1488 1471
1846 1236 1507 1461
1847 1234 1495 1452
1848 1207 1505 1460
1849 1249 1499 1477
1850 1244 1507 1444
1851 1221 1499 1455
1852 1234 1522 1454
1853 1239 1492 1447
1854 1225 1500 1453
1855 1235 1541 1458
1856 1238 1502 1472
1857 1240 1508 1462
1858 1244 1499 1492
1859 1253 1532 1458
1860 1227 1533 1462
1861 1234 1516 1450
1862 1230 1528 1453
1863 1224 1529 1476
1864 1228 1532 1455
1865 1240 1519 1461
1866 1235 1539 1464
1867 1233 1547 1470
1868 1234 1537 1467
1869 1224 1540 1466
1870 1222 1529 1458
1871 1240 1542 1471
1872 1253 1567 1456
1873 1231 1519 1470
1874 1221 1553 1483
1875 1232 1543 1471
1876 1257 1559 1466
1877 1240 1516 1486
1878 1230 1563 1486
1879 1233 1554 1471
1880 1242 1570 1470
1881 1224 1562 1474
1882 1229 1550 1463
1883 1220 1571 1496
1884 1229 1553 1537
1885 1222 1565 1472
1886 1220 1569 1474
1887 1231 1571 1485
1888 1247 1577 1485
1889 1230 1585 1479
1890 1234 1567 1477
1891 1222 1625 1526
1892 1233 1582 1496
1893 1240 1586 1478
1894 1232 1601 1464
1895 1250 1579 1468
1896 1226 1611 1505
1897 1232 1589 1485
1898 1236 1560 1471
1899 1215 1553 1468
1900 1234 1584 1469
1901 1240 1647 1481
1902 1228 1613 1479
1903 1227 1611 1498
1904 1256 1606 1487
1905 1237 1617 1520
1906 1224 1615 1491
1907 1244 1601 1480
1908 1216 1604 1498
1909 1227 1617 1509
1910 1227 1638 1471
1911 1234 1651 1509
1912 1229 1637 1489
1913 1244 1611 1511
1914 1227 1672 1533
1915 1212 1641 1489
1916 1230 1652 1508
1917 1222 1681 1524
1918 1226 1604 1501
1919 1251 1702 1508
1920 1222 1633 1512
1921 1222 1688 1523
1922 1215 1688 1523
1923 1219 1688 1532
1924 1231 1687 1489
1925 1210 1649 1525
1926 1227 1677 1485
1927 1219 1711 1524
1928 1246 1675 1494
1929 1212 1691 1503
1930 1231 1688 1502
1931 1214 1666 1527
1932 1248 1697 1524
1933 1242 1737 1496
1934 1233 1678 1526
1935 1230 1732 1532
1936 1221 1726 1514
1937 1241 1718 1515
1938 1220 1717 1538
1939 1230 1682 1492
1940 1238 1738 1491
1941 1210 1727 1524
1942 1206 1748 1542
1943 1238 1736 1539
1944 1225 1804 1518
1945 1248 1763 1525
1946 1209 1798 1534
1947 1231 1794 1504
1948 1229 1768 1529
1949 1233 1802 1559
1950 1234 1806 1530
1951 1248 1825 1555
1952 1228 1800 1542
1953 1236 1837 1534
1954 1240 1831 1541
1955 1226 1842 1562
1956 1213 1806 1555
1957 1230 1864 1540
1958 1218 1870 1543
1959 1240 1859 1552
1960 1227 1900 1542
1961 1241 1867 1574
1962 1240 1929 1593
1963 1225 1963 1545
1964 1227 1905 1546
1965 1238 1901 1557
1966 1219 1869 1573
1967 1224 1899 1577
1968 1202 1945 1565
1969 1249 1956 1565
1970 1240 1931 1578
1971 1220 1975 1587
1972 1205 2002 1582
1973 1219 1963 1572
1974 1212 1996 1566
1975 1223 2020 1593
1976 1209 2003 1577
1977 1234 2023 1606
1978 1232 2090 1596
1979 1213 2090 1574
1980 1233 2057 1625
1981 1230 2182 1602
1982 1235 2047 1598
1983 1230 2144 1600
1984 1250 2144 1609
1985 1238 2162 1622
1986 1228 2167 1650
1987 1218 2181 1603
1988 1238 2206 1618
1989 1237 2234 1616
1990 1223 2207 1640
1991 1221 2207 1664
1992 1260 2273 1643
1993 1219 2225 1650
1994 1243 2261 1649
1995 1228 2312 1650
1996 1224 2310 1648
1997 1216 2387 1666
1998 1252 2341 1671
1999 1229 2419 1696
2000 1238 2398 1697
