20000 416303 787311
20100 416260 793139
20200 419782 799824
20300 421323 799514
20400 420510 808897
20500 496276 884122
20600 453335 854252
20700 472254 878328
20800 445297 848713
20900 450914 848443
21000 450950 845602
21100 435531 834962
21200 465639 863655
21300 540295 939564
21400 456417 861502
21500 482200 899851
21600 457051 864823
21700 478474 886359
21800 456166 870288
21900 462482 882328
22000 462228 885161
22100 472357 888702
22200 459281 883231
22300 459091 878334
22400 413594 800089
22500 364136 699947
22600 332480 642246
22700 336998 648561
22800 403244 728182
22900 384098 720321
23000 351488 672164
23100 344722 660767
23200 360704 681398
23300 426689 747061
23400 413309 716414
23500 347625 667888
23600 351327 680655
23700 353824 683207
23800 399978 737749
23900 353805 686310
24000 355019 690035
24100 358584 693328
24200 361023 694775
24300 359852 695145
24400 360921 696753
24500 363665 702934
24600 392347 718293
24700 358359 696091
24800 362716 700949
24900 364842 709135
25000 367934 713160
25100 376810 721605
25200 376219 724284
25300 374886 726754
25400 379694 728852
25500 377656 728760
25600 378715 735569
25700 375394 730538
25800 374954 726032
25900 384397 741091
26000 420813 767980
26100 390742 749640
26200 389861 748557
26300 397128 761786
26400 393904 753147
26500 398174 754358
26600 435187 800242
26700 420048 787209
26800 402778 775710
26900 410578 782544
27000 407639 783256
27100 400921 781506
27200 428566 804316
27300 414724 791400
27400 418733 796038
27500 413081 788022
27600 407212 789874
27700 411354 795357
27800 414283 796774
27900 434075 818542
28000 415850 810035
28100 420256 805721
28200 414474 805852
28300 418900 811750
28400 427251 817685
28500 462822 843366
28600 417530 817128
28700 426307 817930
28800 419990 815750
28900 429394 830966
29000 426117 823591
29100 479611 884355
29200 433612 847777
29300 446802 855838
29400 469221 871188
29500 474495 895009
29600 454814 864281
29700 436156 848560
29800 449411 862552
29900 452299 868222
30000 441528 851952
30100 452937 872641
30200 458474 893364
30300 453403 880616
30400 457577 883952
30500 467618 903767
30600 460287 880871
30700 466085 894244
30800 460320 907856
30900 486553 929513
31000 458542 901325
31100 471113 916201
31200 474380 924791
31300 463384 914202
31400 484921 943995
31500 491842 950419
31600 486055 926786
31700 473536 919569
31800 476352 928469
31900 480341 933360
32000 469869 928002
32100 477672 937281
32200 476959 934021
32300 481232 950573
32400 475071 937918
32500 502537 965661
32600 492440 954318
32700 487781 952270
32800 487422 958424
32900 495104 965390
33000 494393 967534
33100 493997 971159
33200 493077 971308
33300 502258 974948
33400 492838 972619
33500 497144 971534
33600 496321 978345
33700 516600 999496
33800 524770 1007644
33900 572189 1065909
34000 516512 1003563
34100 516430 1010505
34200 513124 1009050
34300 520378 1023043
34400 518293 1017335
34500 522926 1016645
34600 514936 1019971
34700 515463 1010435
34800 522932 1026425
34900 525945 991005
35000 542452 1008394
35100 533578 991099
35200 545629 1008657
35300 557388 1011083
35400 539174 1004964
35500 538887 1004996
35600 542870 1010509
35700 554537 1028644
35800 548911 1014066
35900 567466 1029424
36000 576739 1053918
36100 583181 1049170
36200 570113 1062590
36300 550706 1024143
36400 551588 1036802
36500 584265 1056254
36600 597704 1064170
36700 580425 1068260
36800 546775 1032502
36900 597896 1069695
37000 547235 1029139
37100 563836 1049670
37200 568155 1060575
37300 553710 1048630
37400 565099 1057159
37500 567387 1064101
37600 578717 1064910
37700 585084 1078112
37800 583909 1072396
37900 589902 1079961
38000 559576 1057419
38100 570102 1067173
38200 572569 1070689
38300 555290 1048658
38400 600779 1105074
38500 568623 1127059
38600 564584 1115284
38700 563060 1125024
38800 582038 1142782
38900 605960 1142958
39000 713058 1282141
39100 688009 1291796
39200 636173 1184339
39300 566058 1085039
39400 575924 1084656
39500 567844 1083273
39600 571347 1133369
39700 573108 1135658
39800 572986 1136570
39900 578706 1140329
