20000 84572 318108
20100 89553 327418
20200 85914 320337
20300 91289 344254
20400 88055 335318
20500 88602 336220
20600 90514 327875
20700 91675 343635
20800 92920 349595
20900 91975 344241
21000 91938 341594
21100 92393 350011
21200 94123 347867
21300 91031 346132
21400 92583 340654
21500 93759 350738
21600 92754 351979
21700 92876 356789
21800 95241 350977
21900 95322 359566
22000 94564 360866
22100 96105 365851
22200 96994 363036
22300 95559 363682
22400 97795 366360
22500 96359 368139
22600 98551 367834
22700 98087 370193
22800 99588 377180
22900 99201 380542
23000 99705 372690
23100 99122 379730
23200 99965 380862
23300 101065 380419
23400 102943 382726
23500 104662 385950
23600 104150 389437
23700 107217 392168
23800 105331 384033
23900 106923 392217
24000 106101 395348
24100 106426 397161
24200 107999 397259
24300 106795 399086
24400 107800 401776
24500 111644 415720
24600 110121 400731
24700 110794 407208
24800 109450 409796
24900 112295 417710
25000 111547 407808
25100 111690 417321
25200 110539 415683
25300 114620 423850
25400 112762 410844
25500 112814 422827
25600 113187 424101
25700 117065 430310
25800 113777 373260
25900 116326 377019
26000 116116 377766
26100 120090 388281
26200 118332 384867
26300 118929 379783
26400 116393 379327
26500 118497 388140
26600 116910 385181
26700 119162 386070
26800 157764 509524
26900 151830 480488
27000 123012 405110
27100 125284 408427
27200 122255 401468
27300 123377 408010
27400 122943 405801
27500 122941 406683
27600 123222 405397
27700 123180 406055
27800 127223 416701
27900 123727 408019
28000 124894 407429
28100 130545 429686
28200 125013 416833
28300 125471 415761
28400 128684 427254
28500 125878 414724
28600 127597 417707
28700 131630 430281
28800 126827 418109
28900 129242 417746
29000 131290 433089
29100 128079 421711
29200 129305 421558
29300 135165 435704
29400 132081 426097
29500 136108 440347
29600 131118 430167
29700 132381 433743
29800 132393 433963
29900 133460 436294
30000 132339 436289
30100 133723 439964
30200 133702 435247
30300 134562 443181
30400 134353 441066
30500 133928 442255
30600 136014 446822
30700 137799 446112
30800 136208 451114
30900 136447 449346
31000 137686 451781
31100 137122 455603
31200 136655 451362
31300 136857 452161
31400 137284 452989
31500 138500 458444
31600 139502 460187
31700 139853 464860
31800 140768 463061
31900 140249 464883
32000 140251 463365
32100 141122 468679
32200 142591 466896
32300 141457 466976
32400 143453 474305
32500 141797 470872
32600 143874 470517
32700 144950 478041
32800 143999 476335
32900 143253 475182
33000 145888 480594
33100 144647 478210
33200 144853 479982
33300 146418 487480
33400 146420 484843
33500 146562 485877
33600 148931 496054
33700 147535 489943
33800 147932 487309
33900 156531 523962
34000 154728 514275
34100 155686 518384
34200 158256 519257
34300 156097 517224
34400 153260 509070
34500 152423 508524
34600 152840 504864
34700 155493 518734
34800 156996 518616
34900 156225 517745
35000 155398 512502
35100 154034 512978
35200 209146 679455
35300 192638 631662
35400 169660 549413
35500 161040 536430
35600 160237 532298
35700 162579 541460
35800 161822 535229
35900 160283 534114
36000 162583 540458
36100 161786 539146
36200 162952 538867
36300 162719 542534
36400 163202 543508
36500 163049 543228
36600 166791 548863
36700 165272 546371
36800 164116 547960
36900 166856 553620
37000 166247 549305
37100 168278 554676
37200 165926 551854
37300 167331 557219
37400 171498 563983
37500 170187 562177
37600 168074 558257
37700 175845 586109
37800 178507 591711
37900 171934 571984
38000 173156 572847
38100 169872 566516
38200 175110 573556
38300 171442 568389
38400 172449 575668
38500 173645 573994
38600 175228 579926
38700 175911 580253
38800 175028 579609
38900 173706 586486
39000 177521 583679
39100 174460 581351
39200 176155 586261
39300 176056 586115
39400 177360 588488
39500 176816 587045
39600 177503 587747
39700 178494 590948
39800 179341 592326
39900 180546 595607
